0.004712 48861.529931
0.007854 46975.074198
0.010996 45147.368307
0.014137 43377.988276
0.017279 41664.829518
0.020420 40008.004987
0.023562 38405.481767
0.026704 36856.817959
0.029845 35361.503106
0.032987 33917.607130
0.036128 32525.071590
0.039270 31182.031850
0.042412 29887.961095
0.045553 28642.270171
0.048695 27443.187946
0.051836 26290.500146
0.054978 25182.494857
0.058119 24118.899829
0.061261 23098.059879
0.064403 22119.342375
0.067544 21182.061066
0.070686 20284.641196
0.073827 19426.676471
0.076969 18606.642639
0.080111 17823.840825
0.083252 17077.524757
0.086394 16366.241276
0.089535 15689.465603
0.092677 15045.788859
0.095819 14434.453704
0.098960 13854.661628
0.102102 13305.065505
0.105243 12785.037636
0.108385 12293.268949
0.111527 11828.951421
0.114668 11391.242088
0.117810 10978.884292
0.120951 10591.162977
0.124093 10226.853316
0.127235 9885.104386
0.130376 9565.036546
0.133518 9265.468046
0.136659 8985.612036
0.139801 8724.312369
0.142942 8480.757838
0.146084 8253.815410
0.149226 8042.587175
0.152367 7846.155220
0.155509 7663.416518
0.158650 7493.509853
0.161792 7335.349088
0.164934 7188.012088
0.168075 7050.562939
0.171217 6921.936170
0.174358 6801.236122
0.177500 6687.407990
0.180642 6579.513193
0.183783 6476.605600
0.186925 6377.641735
0.190066 6281.707515
0.193208 6187.998504
0.196350 6096.416524
0.199491 6006.960158
0.202633 5919.542890
0.205774 5834.190818
0.208916 5750.820040
0.212058 5669.428486
0.215199 5590.011567
0.218341 5512.489160
0.221482 5436.881066
0.224624 5363.109584
0.227765 5291.192128
0.230907 5221.053350
0.234049 5152.686869
0.237190 5086.084051
0.240332 5021.172931
0.243473 4957.965281
0.246615 4896.391299
0.249757 4836.441809
0.252898 4778.105568
0.256040 4721.315874
0.259181 4666.079331
0.262323 4612.331210
0.265465 4560.059776
0.268606 4509.251411
0.271748 4459.844208
0.274889 4411.840071
0.278031 4365.178876
0.281173 4319.846562
0.284314 4275.827374
0.287456 4233.063727
0.290597 4191.553295
0.293739 4151.240092
0.296881 4112.107963
0.300022 4074.139251
0.303164 4037.280224
0.306305 4001.524799
0.309447 3966.820651
0.312588 3933.160327
0.315730 3900.492837
0.318872 3868.799494
0.322013 3838.060375
0.325155 3808.226347
0.328296 3779.286858
0.331438 3751.193924
0.334580 3723.927331
0.337721 3697.465817
0.340863 3671.762975
0.344004 3646.805621
0.347146 3622.548307
0.350288 3598.969529
0.353429 3576.046921
0.356571 3553.736328
0.359712 3532.022409
0.362854 3510.861781
0.365996 3490.231882
0.369137 3470.109479
0.372279 3450.452201
0.375420 3431.243107
0.378562 3412.448358
0.381704 3394.066373
0.384845 3376.096454
0.387987 3358.520807
0.391128 3341.344267
0.394270 3324.549546
0.397411 3308.140984
0.400553 3292.101778
0.403695 3276.430859
0.406836 3261.126688
0.409978 3246.173166
0.413119 3231.573461
0.416261 3217.311925
0.419403 3203.386905
0.422544 3189.796323
0.425686 3176.525171
0.428827 3163.575546
0.431969 3150.932849
0.435111 3138.594900
0.438252 3126.559128
0.441394 3114.811516
0.444535 3103.353192
0.447677 3092.170506
0.450819 3081.260798
0.453960 3070.621057
0.457102 3060.238156
0.460243 3050.112354
0.463385 3040.230850
0.466527 3030.590553
0.469668 3021.188065
0.472810 3012.011046
0.475951 3003.058988
0.479093 2994.319836
0.482234 2985.792803
0.485376 2977.466108
0.488518 2969.336142
0.491659 2961.399048
0.494801 2953.643419
0.497942 2946.067841
0.501084 2938.661139
0.504226 2931.419396
0.507367 2924.338488
0.510509 2917.407553
0.513650 2910.624652
0.516792 2903.979114
0.519934 2897.466765
0.523075 2891.083264
0.526217 2884.818194
0.529358 2878.669191
0.532500 2872.625987
0.535642 2866.684203
0.538783 2860.839331
0.541925 2855.081295
0.545066 2849.407412
0.548208 2843.807713
0.551350 2838.277665
0.554491 2832.812643
0.557633 2827.402813
0.560774 2822.045357
0.563916 2816.733472
0.567057 2811.470617
0.570199 2806.253724
0.573341 2801.084759
0.576482 2795.965627
0.579624 2790.893351
0.582765 2785.871443
0.585907 2780.896988
0.589049 2775.971876
0.592190 2771.097934
0.595332 2766.272341
0.598473 2761.498451
0.601615 2756.773508
0.604757 2752.099324
0.607898 2747.477643
0.611040 2742.905806
0.614181 2738.387007
0.617323 2733.918651
0.620465 2729.502467
0.623606 2725.140120
0.626748 2720.829114
0.629889 2716.572477
0.633031 2712.367781
0.636173 2708.216672
0.639314 2704.120730
0.642456 2700.077629
0.645597 2696.090226
0.648739 2692.156264
0.651880 2688.278531
0.655022 2684.454840
0.658164 2680.686718
0.661305 2676.975620
0.664447 2673.319467
0.667588 2669.720868
0.670730 2666.177815
0.673872 2662.691746
0.677013 2659.264025
0.680155 2655.892754
0.683296 2652.580361
0.686438 2649.325020
0.689580 2646.128078
0.692721 2642.990807
0.695863 2639.911492
0.699004 2636.892377
0.702146 2633.931822
0.705288 2631.031081
0.708429 2628.191331
0.711571 2625.411047
0.714712 2622.692281
0.717854 2620.033586
0.720996 2617.436120
0.724137 2614.900962
0.727279 2612.426783
0.730420 2610.015439
0.733562 2607.665678
0.736703 2605.379278
0.739845 2603.155067
0.742987 2600.994066
0.746128 2598.897170
0.749270 2596.862505
0.752411 2594.890190
0.755553 2592.977770
0.758695 2591.124686
0.761836 2589.330301
0.764978 2587.592274
0.768119 2585.910515
0.771261 2584.282754
0.774403 2582.708339
0.777544 2581.186545
0.780686 2579.715208
0.783827 2578.294066
0.786969 2576.921016
0.790111 2575.595321
0.793252 2574.316181
0.796394 2573.081585
0.799535 2571.891121
0.802677 2570.742834
0.805819 2569.635910
0.808960 2568.569485
0.812102 2567.541682
0.815243 2566.551957
0.818385 2565.598483
0.821526 2564.680670
0.824668 2563.796734
0.827810 2562.945775
0.830951 2562.126851
0.834093 2561.338243
0.837234 2560.579255
0.840376 2559.848206
0.843518 2559.144143
0.846659 2558.466081
0.849801 2557.812390
0.852942 2557.182288
0.856084 2556.574177
0.859226 2555.987063
0.862367 2555.419924
0.865509 2554.871202
0.868650 2554.340048
0.871792 2553.824927
0.874934 2553.324811
0.878075 2552.838657
0.881217 2552.364955
0.884358 2551.902810
0.887500 2551.450730
0.890642 2551.007666
0.893783 2550.572557
0.896925 2550.143927
0.900066 2549.720853
0.903208 2549.301866
0.906349 2548.886037
0.909491 2548.471902
0.912633 2548.058396
0.915774 2547.644453
0.918916 2547.228612
0.922057 2546.809938
0.925199 2546.386969
0.928341 2545.958639
0.931482 2545.523990
0.934624 2545.082647
0.937765 2544.635359
0.940907 2544.182315
0.944049 2543.724130
0.947190 2543.261428
0.950332 2542.794387
0.953473 2542.323779
0.956615 2541.849780
0.959757 2541.373011
0.962898 2540.894101
0.966040 2540.413219
0.969181 2539.931145
0.972323 2539.448046
0.975465 2538.964549
0.978606 2538.481284
0.981748 2537.998416
0.984889 2537.516728
0.988031 2537.036385
0.991172 2536.558169
0.994314 2536.082249
0.997456 2535.609252
1.000597 2535.139801
1.003739 2534.674072
1.006880 2534.212834
1.010022 2533.756270
1.013164 2533.304999
1.016305 2532.859639
1.019447 2532.420378
1.022588 2531.987972
1.025730 2531.562619
1.028872 2531.144931
1.032013 2530.735513
1.035155 2530.334578
1.038296 2529.942855
1.041438 2529.560569
1.044580 2529.188321
1.047721 2528.826697
1.050863 2528.475944
1.054004 2528.136756
1.057146 2527.809394
1.060288 2527.494441
1.063429 2527.192465
1.066571 2526.903748
1.069712 2526.628949
1.072854 2526.368366
1.075995 2526.122640
1.079137 2525.892088
1.082279 2525.677265
1.085420 2525.478706
1.088562 2525.296760
1.091703 2525.132015
1.094845 2524.984841
1.097987 2524.855767
1.101128 2524.745301
1.104270 2524.653847
1.107411 2524.581935
1.110553 2524.529995
1.113695 2524.498528
1.116836 2524.487861
1.119978 2524.497416
1.123119 2524.526270
1.126261 2524.573527
1.129403 2524.638262
1.132544 2524.719531
1.135686 2524.816469
1.138827 2524.928098
1.141969 2525.053573
1.145111 2525.191943
1.148252 2525.342243
1.151394 2525.503652
1.154535 2525.675150
1.157677 2525.855931
1.160818 2526.044963
1.163960 2526.241450
1.167102 2526.444417
1.170243 2526.652879
1.173385 2526.866053
1.176526 2527.082887
1.179668 2527.302603
1.182810 2527.524215
1.185951 2527.746736
1.189093 2527.969390
1.192234 2528.191121
1.195376 2528.411153
1.198518 2528.628498
1.201659 2528.842172
1.204801 2529.051394
1.207942 2529.255116
1.211084 2529.452551
1.214226 2529.642716
1.217367 2529.824638
1.220509 2529.997516
1.223650 2530.160324
1.226792 2530.312250
1.229934 2530.452322
1.233075 2530.579586
1.236217 2530.693207
1.239358 2530.792196
1.242500 2530.875699
1.245641 2530.942748
1.248783 2530.992468
1.251925 2531.023919
1.255066 2531.036183
1.258208 2531.028352
1.261349 2530.999514
1.264491 2530.948735
1.267633 2530.875103
1.270774 2530.777738
1.273916 2530.655659
1.277057 2530.508030
1.280199 2530.333838
1.283341 2530.132212
1.286482 2529.902310
1.289624 2529.643072
1.292765 2529.353745
1.295907 2529.033229
1.299049 2528.680695
