0.004712 49805.960864
0.007854 47872.376423
0.010996 45999.117520
0.014137 44185.747125
0.017279 42430.105839
0.020420 40732.306865
0.023562 39090.264395
0.026704 37503.523002
0.029845 35971.556864
0.032987 34492.385766
0.036128 33065.946926
0.039270 31690.327321
0.042412 30364.984333
0.045553 29089.311343
0.048695 27861.491328
0.051836 26681.301511
0.054978 25546.985667
0.058119 24458.261502
0.061261 23413.431028
0.064403 22411.842990
0.067544 21452.791087
0.070686 20534.659899
0.073827 19657.029523
0.076969 18818.336383
0.080111 18017.861219
0.083252 17254.836120
0.086394 16527.770483
0.089535 15836.122787
0.092677 15178.447876
0.095819 14553.966481
0.098960 13961.857075
0.102102 13400.737886
0.105243 12869.961758
0.108385 12368.185972
0.111527 11894.579242
0.114668 11448.274419
0.117810 11027.982571
0.120951 10632.966903
0.124093 10261.971138
0.127235 9914.119966
0.130376 9588.508617
0.133518 9283.925007
0.136659 8999.558687
0.139801 8734.223838
0.142942 8487.085026
0.146084 8256.980135
0.149226 8042.985658
0.152367 7844.157577
0.155509 7659.364538
0.158650 7487.719841
0.161792 7328.109440
0.164934 7179.584990
0.168075 7041.184039
0.171217 6911.813706
0.174358 6790.552013
0.177500 6676.316996
0.180642 6568.143470
0.183783 6465.058537
0.186925 6365.991806
0.190066 6270.002481
0.193208 6176.265739
0.196350 6084.679958
0.199491 5995.242987
0.202633 5907.867594
0.205774 5822.579124
0.208916 5739.292988
0.212058 5658.006372
0.215199 5578.713920
0.218341 5501.334857
0.221482 5425.888168
0.224624 5352.295528
0.227765 5280.573512
0.230907 5210.646165
0.234049 5142.506324
0.237190 5076.144547
0.240332 5011.488295
0.243473 4948.548453
0.246615 4887.254660
0.249757 4827.596931
0.252898 4769.563198
0.256040 4713.086224
0.259181 4658.171687
0.262323 4604.754338
0.265465 4552.821612
0.268606 4502.359054
0.271748 4453.304248
0.274889 4405.658150
0.278031 4359.360135
0.281173 4314.395302
0.284314 4270.747051
0.287456 4228.357305
0.290597 4187.222775
0.293739 4147.286986
0.296881 4108.532937
0.300022 4070.942124
0.303164 4034.460328
0.306305 3999.080499
0.309447 3964.749825
0.312588 3931.459888
0.315730 3899.159208
0.318872 3867.828252
0.322013 3837.446255
0.325155 3807.963588
0.328296 3779.368746
0.331438 3751.613238
0.334580 3724.676013
0.337721 3698.534980
0.340863 3673.143210
0.344004 3648.486594
0.347146 3624.519148
0.350288 3601.218545
0.353429 3578.561608
0.356571 3556.503625
0.359712 3535.028367
0.362854 3514.091875
0.365996 3493.670784
0.369137 3473.741074
0.372279 3454.259769
0.375420 3435.209095
0.378562 3416.554998
0.381704 3398.296245
0.384845 3380.432583
0.387987 3362.946756
0.391128 3345.844021
0.394270 3329.107607
0.397411 3312.742292
0.400553 3296.731777
0.403695 3281.075449
0.406836 3265.772245
0.409978 3250.806543
0.413119 3236.181992
0.416261 3221.883401
0.419403 3207.909600
0.422544 3194.259003
0.425686 3180.917041
0.428827 3167.886329
0.431969 3155.152691
0.435111 3142.714444
0.438252 3130.569530
0.441394 3118.704335
0.444535 3107.120537
0.447677 3095.804880
0.450819 3084.755217
0.453960 3073.969059
0.457102 3063.433660
0.460243 3053.149851
0.463385 3043.105203
0.466527 3033.297151
0.469668 3023.722825
0.472810 3014.370251
0.475951 3005.239505
0.479093 2996.318895
0.482234 2987.608223
0.485376 2979.096063
0.488518 2970.779341
0.491659 2962.654734
0.494801 2954.711189
0.497942 2946.947887
0.501084 2939.354006
0.504226 2931.926165
0.507367 2924.660771
0.510509 2917.547321
0.513650 2910.584464
0.516792 2903.761890
0.519934 2897.075958
0.523075 2890.522853
0.526217 2884.092524
0.529358 2877.783188
0.532500 2871.584949
0.535642 2865.493953
0.538783 2859.506212
0.541925 2853.612033
0.545066 2847.809292
0.548208 2842.088416
0.551350 2836.445386
0.554491 2830.876083
0.557633 2825.371083
0.560774 2819.928090
0.563916 2814.540395
0.567057 2809.211265
0.570199 2803.937328
0.573341 2798.720310
0.576482 2793.561867
0.579624 2788.458735
0.582765 2783.414183
0.585907 2778.425021
0.589049 2773.492885
0.592190 2768.619338
0.595332 2763.801299
0.598473 2759.041855
0.601615 2754.337998
0.604757 2749.691272
0.607898 2745.103151
0.611040 2740.570734
0.614181 2736.096928
0.617323 2731.678905
0.620465 2727.318120
0.623606 2723.015954
0.626748 2718.769690
0.629889 2714.582051
0.633031 2710.450392
0.636173 2706.376077
0.639314 2702.360397
0.642456 2698.400815
0.645597 2694.499873
0.648739 2690.655108
0.651880 2686.868989
0.655022 2683.139127
0.658164 2679.466757
0.661305 2675.853041
0.664447 2672.295701
0.667588 2668.797020
0.670730 2665.354794
0.673872 2661.970165
0.677013 2658.644206
0.680155 2655.374819
0.683296 2652.164106
0.686438 2649.010046
0.689580 2645.913689
0.692721 2642.876015
0.695863 2639.895111
0.699004 2636.972896
0.702146 2634.107531
0.705288 2631.299975
0.708429 2628.551117
0.711571 2625.859227
0.714712 2623.226039
0.717854 2620.649899
0.720996 2618.131674
0.724137 2615.672161
0.727279 2613.269813
0.730420 2610.926183
0.733562 2608.639797
0.736703 2606.412134
0.739845 2604.241795
0.742987 2602.129520
0.746128 2600.075943
0.749270 2598.079185
0.752411 2596.139485
0.755553 2594.254561
0.758695 2592.423993
0.761836 2590.647291
0.764978 2588.922278
0.768119 2587.249004
0.771261 2585.625358
0.774403 2584.050833
0.777544 2582.524861
0.780686 2581.045423
0.783827 2579.612415
0.786969 2578.223877
0.790111 2576.879227
0.793252 2575.577824
0.796394 2574.317793
0.799535 2573.098891
0.802677 2571.919293
0.805819 2570.778349
0.808960 2569.675355
0.812102 2568.608563
0.815243 2567.577606
0.818385 2566.580780
0.821526 2565.617674
0.824668 2564.686627
0.827810 2563.786905
0.830951 2562.917733
0.834093 2562.077510
0.837234 2561.265725
0.840376 2560.480814
0.843518 2559.721994
0.846659 2558.988446
0.849801 2558.278657
0.852942 2557.592033
0.856084 2556.927089
0.859226 2556.283002
0.862367 2555.658918
0.865509 2555.053395
0.868650 2554.465772
0.871792 2553.894627
0.874934 2553.339103
0.878075 2552.798324
0.881217 2552.270898
0.884358 2551.756114
0.887500 2551.252599
0.890642 2550.759471
0.893783 2550.275836
0.896925 2549.800338
0.900066 2549.332235
0.903208 2548.870181
0.906349 2548.413425
0.909491 2547.960628
0.912633 2547.510890
0.915774 2547.063307
0.918916 2546.616546
0.922057 2546.169845
0.925199 2545.721874
0.928341 2545.271727
0.931482 2544.818589
0.934624 2544.362055
0.937765 2543.902779
0.940907 2543.440837
0.944049 2542.976745
0.947190 2542.511020
0.950332 2542.043736
0.953473 2541.575557
0.956615 2541.106556
0.959757 2540.637251
0.962898 2540.168159
0.966040 2539.699352
0.969181 2539.231497
0.972323 2538.764665
0.975465 2538.299374
0.978606 2537.836141
0.981748 2537.375039
0.984889 2536.916732
0.988031 2536.461297
0.991172 2536.009392
0.994314 2535.561098
0.997456 2535.116931
1.000597 2534.677397
1.003739 2534.242586
1.006880 2533.813144
1.010022 2533.389167
1.013164 2532.971161
1.016305 2532.559625
1.019447 2532.154667
1.022588 2531.756914
1.025730 2531.366480
1.028872 2530.983864
1.032013 2530.609552
1.035155 2530.243675
1.038296 2529.886834
1.041438 2529.539173
1.044580 2529.201174
1.047721 2528.873311
1.050863 2528.555742
1.054004 2528.249041
1.057146 2527.953379
1.060288 2527.669226
1.063429 2527.397036
1.066571 2527.137005
1.069712 2526.889667
1.072854 2526.655233
1.075995 2526.434222
1.079137 2526.226863
1.082279 2526.033596
1.085420 2525.854847
1.088562 2525.690869
1.091703 2525.542137
1.094845 2525.408925
1.097987 2525.291651
1.101128 2525.190715
1.104270 2525.106422
1.107411 2525.039193
1.110553 2524.989356
1.113695 2524.957303
1.116836 2524.943287
1.119978 2524.946811
1.123119 2524.967105
1.126261 2525.003414
1.129403 2525.054966
1.132544 2525.120969
1.135686 2525.200697
1.138827 2525.293331
1.141969 2525.398161
1.145111 2525.514392
1.148252 2525.641212
1.151394 2525.777936
1.154535 2525.923706
1.157677 2526.077849
1.160818 2526.239497
1.163960 2526.407986
1.167102 2526.582496
1.170243 2526.762201
1.173385 2526.946448
1.176526 2527.134350
1.179668 2527.325260
1.182810 2527.518349
1.185951 2527.712786
1.189093 2527.907928
1.192234 2528.102882
1.195376 2528.297004
1.198518 2528.489463
1.201659 2528.679431
1.204801 2528.866260
1.207942 2529.049063
1.211084 2529.227189
1.214226 2529.399810
1.217367 2529.566105
1.220509 2529.725413
1.223650 2529.876863
1.226792 2530.019784
1.229934 2530.153358
1.233075 2530.276779
1.236217 2530.389357
1.239358 2530.490252
1.242500 2530.578760
1.245641 2530.654057
1.248783 2530.715423
1.251925 2530.762062
1.255066 2530.793199
1.258208 2530.808086
1.261349 2530.805945
1.264491 2530.786006
1.267633 2530.747499
1.270774 2530.689676
1.273916 2530.611733
1.277057 2530.512951
1.280199 2530.392499
1.283341 2530.249637
1.286482 2530.083652
1.289624 2529.893670
1.292765 2529.679045
1.295907 2529.438872
1.299049 2529.172446
