0.004712 50132.652356
0.007854 48203.470329
0.010996 46333.881912
0.014137 44523.468892
0.017279 42770.093399
0.020420 41073.886829
0.023562 39432.784031
0.026704 37846.348617
0.029845 36314.074607
0.032987 34834.001232
0.036128 33406.085923
0.039270 32028.434359
0.042412 30700.523952
0.045553 29421.768795
0.048695 28190.369544
0.051836 27006.125338
0.054978 25867.297014
0.058119 24773.624785
0.061261 23723.427159
0.064403 22716.074036
0.067544 21750.880778
0.070686 20826.247698
0.073827 19941.778668
0.076969 19095.925401
0.080111 18287.990412
0.083252 17517.227945
0.086394 16782.162114
0.089535 16082.276125
0.092677 15416.139224
0.095819 14782.994374
0.098960 14182.042540
0.102102 13611.915964
0.105243 13071.992860
0.108385 12560.944329
0.111527 12077.961623
0.114668 11622.200267
0.117810 11192.384950
0.120951 10787.804575
0.124093 10407.216419
0.127235 10049.767862
0.130376 9714.576827
0.133518 9400.444775
0.136659 9106.586971
0.139801 8831.831196
0.142942 8575.367650
0.146084 8336.047922
0.149226 8112.971140
0.152367 7905.215752
0.155509 7711.664362
0.158650 7531.455482
0.161792 7363.489256
0.164934 7206.839749
0.168075 7060.566619
0.171217 6923.591620
0.174358 6795.017250
0.177500 6673.776530
0.180642 6558.926303
0.183783 6449.515275
0.186925 6344.488672
0.190066 6242.929113
0.193208 6144.020625
0.196350 6047.656842
0.199491 5953.827293
0.202633 5862.432294
0.205774 5773.490101
0.208916 5686.904141
0.212058 5602.663166
0.215199 5520.752941
0.218341 5441.081372
0.221482 5363.659253
0.224624 5288.397345
0.227765 5215.303635
0.230907 5144.291642
0.234049 5075.345027
0.237190 5008.444822
0.240332 4943.508490
0.243473 4880.537444
0.246615 4819.451649
0.249757 4760.231512
0.252898 4702.855063
0.256040 4647.245830
0.259181 4593.399290
0.262323 4541.241216
0.265465 4490.749080
0.268606 4441.898229
0.271748 4394.617619
0.274889 4348.897425
0.278031 4304.668597
0.281173 4261.905985
0.284314 4220.582573
0.287456 4180.632110
0.290597 4142.040104
0.293739 4104.742045
0.296881 4068.710480
0.300022 4033.916349
0.303164 4000.297556
0.306305 3967.835580
0.309447 3936.469813
0.312588 3906.180298
0.315730 3876.907810
0.318872 3848.622211
0.322013 3821.292106
0.325155 3794.860155
0.328296 3769.303260
0.331438 3744.565211
0.334580 3720.614329
0.337721 3697.417936
0.340863 3674.921325
0.344004 3653.098892
0.347146 3631.896803
0.350288 3611.282163
0.353429 3591.221324
0.356571 3571.661575
0.359712 3552.575445
0.362854 3533.910843
0.365996 3515.633966
0.369137 3497.710523
0.372279 3480.089161
0.375420 3462.741324
0.378562 3445.629124
0.381704 3428.754091
0.384845 3412.119773
0.387987 3395.713870
0.391128 3379.545114
0.394270 3363.601502
0.397411 3347.891472
0.400553 3332.403313
0.403695 3317.140350
0.406836 3302.105627
0.409978 3287.287860
0.413119 3272.694771
0.416261 3258.315359
0.419403 3244.152596
0.422544 3230.209176
0.425686 3216.474510
0.428827 3202.955633
0.431969 3189.642227
0.435111 3176.536919
0.438252 3163.642073
0.441394 3150.947766
0.444535 3138.460372
0.447677 3126.170228
0.450819 3114.079634
0.453960 3102.190631
0.457102 3090.493941
0.460243 3078.995300
0.463385 3067.685677
0.466527 3056.567052
0.469668 3045.641165
0.472810 3034.899348
0.475951 3024.346731
0.479093 3013.974885
0.482234 3003.788701
0.485376 2993.779986
0.488518 2983.950300
0.491659 2974.300978
0.494801 2964.824165
0.497942 2955.524186
0.501084 2946.393408
0.504226 2937.433110
0.507367 2928.644354
0.510509 2920.019832
0.513650 2911.563327
0.516792 2903.267744
0.519934 2895.134092
0.523075 2887.163171
0.526217 2879.348198
0.529358 2871.692439
0.532500 2864.189307
0.535642 2856.839557
0.538783 2849.643744
0.541925 2842.595577
0.545066 2835.697833
0.548208 2828.944411
0.551350 2822.335820
0.554491 2815.872384
0.557633 2809.548280
0.560774 2803.365818
0.563916 2797.319163
0.567057 2791.410049
0.570199 2785.632584
0.573341 2779.986539
0.576482 2774.471520
0.579624 2769.081884
0.582765 2763.818935
0.585907 2758.677190
0.589049 2753.656214
0.592190 2748.755420
0.595332 2743.969555
0.598473 2739.299538
0.601615 2734.740264
0.604757 2730.291110
0.607898 2725.951307
0.611040 2721.715964
0.614181 2717.585648
0.617323 2713.555598
0.620465 2709.625014
0.623606 2705.792973
0.626748 2702.054903
0.629889 2698.411055
0.633031 2694.856979
0.636173 2691.391719
0.639314 2688.014206
0.642456 2684.720161
0.645597 2681.509549
0.648739 2678.378199
0.651880 2675.325972
0.655022 2672.348797
0.658164 2669.445527
0.661305 2666.614921
0.664447 2663.853047
0.667588 2661.159534
0.670730 2658.530536
0.673872 2655.964792
0.677013 2653.460959
0.680155 2651.015313
0.683296 2648.627281
0.686438 2646.293213
0.689580 2644.011747
0.692721 2641.781455
0.695863 2639.598788
0.699004 2637.463005
0.702146 2635.370616
0.705288 2633.320180
0.708429 2631.310197
0.711571 2629.337260
0.714712 2627.400495
0.717854 2625.496538
0.720996 2623.623881
0.724137 2621.780977
0.727279 2619.964521
0.730420 2618.173541
0.733562 2616.404767
0.736703 2614.657195
0.739845 2612.927583
0.742987 2611.214360
0.746128 2609.516005
0.749270 2607.830585
0.752411 2606.159318
0.755553 2604.501317
0.758695 2602.857293
0.761836 2601.227940
0.764978 2599.612396
0.768119 2598.011868
0.771261 2596.425513
0.774403 2594.854018
0.777544 2593.298056
0.780686 2591.756810
0.783827 2590.231440
0.786969 2588.721151
0.790111 2587.226607
0.793252 2585.748455
0.796394 2584.285928
0.799535 2582.840136
0.802677 2581.410334
0.805819 2579.997162
0.808960 2578.601238
0.812102 2577.221852
0.815243 2575.860056
0.818385 2574.515162
0.821526 2573.188202
0.824668 2571.878508
0.827810 2570.586682
0.830951 2569.313303
0.834093 2568.057738
0.837234 2566.820963
0.840376 2565.602366
0.843518 2564.402521
0.846659 2563.221979
0.849801 2562.060164
0.852942 2560.917992
0.856084 2559.794913
0.859226 2558.691471
0.862367 2557.608184
0.865509 2556.544540
0.868650 2555.501391
0.871792 2554.478251
0.874934 2553.475633
0.878075 2552.494021
0.881217 2551.532968
0.884358 2550.593262
0.887500 2549.674483
0.890642 2548.777108
0.893783 2547.901591
0.896925 2547.047550
0.900066 2546.215707
0.903208 2545.405708
0.906349 2544.618246
0.909491 2543.852995
0.912633 2543.110388
0.915774 2542.390827
0.918916 2541.694030
0.922057 2541.020617
0.925199 2540.370336
0.928341 2539.743584
0.931482 2539.140684
0.934624 2538.560998
0.937765 2538.004421
0.940907 2537.470118
0.944049 2536.957791
0.947190 2536.467115
0.950332 2535.997299
0.953473 2535.548162
0.956615 2535.118941
0.959757 2534.709302
0.962898 2534.318889
0.966040 2533.946973
0.969181 2533.593313
0.972323 2533.257205
0.975465 2532.938286
0.978606 2532.636170
0.981748 2532.350186
0.984889 2532.080038
0.988031 2531.825076
0.991172 2531.584982
0.994314 2531.359125
0.997456 2531.147105
1.000597 2530.948505
1.003739 2530.762719
1.006880 2530.589387
1.010022 2530.427920
1.013164 2530.277896
1.016305 2530.138878
1.019447 2530.010301
1.022588 2529.891766
1.025730 2529.782720
1.028872 2529.682724
1.032013 2529.591325
1.035155 2529.507988
1.038296 2529.432286
1.041438 2529.363693
1.044580 2529.301755
1.047721 2529.246011
1.050863 2529.195945
1.054004 2529.151112
1.057146 2529.111004
1.060288 2529.075157
1.063429 2529.043102
1.066571 2529.014340
1.069712 2528.988411
1.072854 2528.964819
1.075995 2528.943101
1.079137 2528.922765
1.082279 2528.903338
1.085420 2528.884348
1.088562 2528.865304
1.091703 2528.845740
1.094845 2528.825165
1.097987 2528.803105
1.101128 2528.779090
1.104270 2528.752626
1.107411 2528.723251
1.110553 2528.690468
1.113695 2528.653807
1.116836 2528.612898
1.119978 2528.567916
1.123119 2528.519315
1.126261 2528.467491
1.129403 2528.412884
1.132544 2528.355938
1.135686 2528.297044
1.138827 2528.236664
1.141969 2528.175185
1.145111 2528.113053
1.148252 2528.050712
1.151394 2527.988551
1.154535 2527.927033
1.157677 2527.866545
1.160818 2527.807551
1.163960 2527.750440
1.167102 2527.695656
1.170243 2527.643642
1.173385 2527.594790
1.176526 2527.549557
1.179668 2527.508339
1.182810 2527.471579
1.185951 2527.439711
1.189093 2527.413140
1.192234 2527.392309
1.195376 2527.377631
1.198518 2527.369539
1.201659 2527.368459
1.204801 2527.374814
1.207942 2527.389028
1.211084 2527.411535
1.214226 2527.442757
1.217367 2527.483106
1.220509 2527.533033
1.223650 2527.592933
1.226792 2527.663270
1.229934 2527.744451
1.233075 2527.836871
1.236217 2527.941016
1.239358 2528.057244
1.242500 2528.186056
1.245641 2528.327794
1.248783 2528.482975
1.251925 2528.651982
1.255066 2528.835181
1.258208 2529.033112
1.261349 2529.246077
1.264491 2529.474637
1.267633 2529.719152
1.270774 2529.979962
1.273916 2530.257659
1.277057 2530.552493
1.280199 2530.865076
1.283341 2531.195743
1.286482 2531.544807
1.289624 2531.912916
1.292765 2532.300260
1.295907 2532.707512
1.299049 2533.134978
