0.004712 50137.941490
0.007854 48202.923833
0.010996 46327.852959
0.014137 44512.304279
0.017279 42754.128695
0.020420 41053.452705
0.023562 39408.200357
0.026704 37817.928779
0.029845 36282.125107
0.032987 34798.818370
0.036128 33367.960103
0.039270 31987.646156
0.042412 30657.346963
0.045553 29376.469294
0.048695 28143.204496
0.051836 26957.344945
0.054978 25817.142490
0.058119 24722.330267
0.061261 23671.218102
0.064403 22663.168336
0.067544 21697.488493
0.070686 20772.570622
0.073827 19888.010822
0.076969 19042.252793
0.080111 18234.591149
0.083252 17464.272009
0.086394 16729.811813
0.089535 16030.685429
0.092677 15365.454629
0.095819 14733.354200
0.098960 14133.576755
0.102102 13564.747327
0.105243 13026.235351
0.108385 12516.704871
0.111527 12035.338749
0.114668 11581.283993
0.117810 11153.258424
0.120951 10750.541851
0.124093 10371.884783
0.127235 10016.426058
0.130376 9683.274985
0.133518 9371.226367
0.136659 9079.486190
0.139801 8806.875625
0.142942 8552.575556
0.146084 8315.430993
0.149226 8094.532417
0.152367 7888.949629
0.155509 7697.558660
0.158650 7519.488694
0.161792 7353.633279
0.164934 7199.057838
0.168075 7054.813432
0.171217 6919.815150
0.174358 6793.156279
0.177500 6673.763104
0.180642 6560.683889
0.183783 6452.958860
0.186925 6349.526357
0.190066 6249.460039
0.193208 6151.939525
0.196350 6056.859404
0.199491 5964.211395
0.202633 5873.899116
0.205774 5785.942680
0.208916 5700.248693
0.212058 5616.808125
0.215199 5535.609081
0.218341 5456.562469
0.221482 5379.681229
0.224624 5304.879021
0.227765 5232.166084
0.230907 5161.458730
0.234049 5092.743036
0.237190 5026.002543
0.240332 4961.157366
0.243473 4898.211407
0.246615 4837.087197
0.249757 4777.767674
0.252898 4720.233477
0.256040 4664.410584
0.259181 4610.297153
0.262323 4557.821339
0.265465 4506.963239
0.268606 4457.700888
0.271748 4409.965531
0.274889 4363.750178
0.278031 4318.988013
0.281173 4275.656588
0.284314 4233.731633
0.287456 4193.149064
0.290597 4153.897339
0.293739 4115.914075
0.296881 4079.174577
0.300022 4043.652568
0.303164 4009.288039
0.306305 3976.065491
0.309447 3943.926381
0.312588 3912.853792
0.315730 3882.790549
0.318872 3853.709313
0.322013 3825.581492
0.325155 3798.351787
0.328296 3772.000157
0.331438 3746.472433
0.334580 3721.739742
0.337721 3697.772198
0.340863 3674.517151
0.344004 3651.952029
0.347146 3630.025076
0.350288 3608.706182
0.353429 3587.964465
0.356571 3567.749328
0.359712 3548.036265
0.362854 3528.775334
0.365996 3509.935490
0.369137 3491.485149
0.372279 3473.375175
0.375420 3455.579854
0.378562 3438.062318
0.381704 3420.823374
0.384845 3403.865576
0.387987 3387.175326
0.391128 3370.760449
0.394270 3354.607691
0.397411 3338.724535
0.400553 3323.098067
0.403695 3307.730583
0.406836 3292.624051
0.409978 3277.766052
0.413119 3263.163243
0.416261 3248.803527
0.419403 3234.688789
0.422544 3220.820605
0.425686 3207.187345
0.428827 3193.794886
0.431969 3180.631901
0.435111 3167.699889
0.438252 3155.000056
0.441394 3142.521515
0.444535 3130.269409
0.447677 3118.233135
0.450819 3106.413829
0.453960 3094.812349
0.457102 3083.418507
0.460243 3072.236755
0.463385 3061.257174
0.466527 3050.480554
0.469668 3039.907429
0.472810 3029.528265
0.475951 3019.346871
0.479093 3009.353961
0.482234 2999.553098
0.485376 2989.935240
0.488518 2980.500736
0.491659 2971.249700
0.494801 2962.173443
0.497942 2953.274941
0.501084 2944.545727
0.504226 2935.985862
0.507367 2927.595189
0.510509 2919.365563
0.513650 2911.299424
0.516792 2903.388836
0.519934 2895.633590
0.523075 2888.033280
0.526217 2880.580267
0.529358 2873.276494
0.532500 2866.114511
0.535642 2859.093864
0.538783 2852.213921
0.541925 2845.467499
0.545066 2838.856095
0.548208 2832.372696
0.551350 2826.016629
0.554491 2819.787054
0.557633 2813.677205
0.560774 2807.688187
0.563916 2801.813937
0.567057 2796.056588
0.570199 2790.410906
0.573341 2784.877175
0.576482 2779.455535
0.579624 2774.140965
0.582765 2768.935282
0.585907 2763.833603
0.589049 2758.836034
0.592190 2753.942549
0.595332 2749.148463
0.598473 2744.455262
0.601615 2739.858389
0.604757 2735.357785
0.607898 2730.953270
0.611040 2726.640472
0.614181 2722.420568
0.617323 2718.289303
0.620465 2714.246468
0.623606 2710.291739
0.626748 2706.421031
0.629889 2702.635239
0.633031 2698.930386
0.636173 2695.306123
0.639314 2691.761995
0.642456 2688.294180
0.645597 2684.903317
0.648739 2681.585679
0.651880 2678.341811
0.655022 2675.168080
0.658164 2672.063961
0.661305 2669.028842
0.664447 2666.059222
0.667588 2663.155425
0.670730 2660.314033
0.673872 2657.534414
0.677013 2654.815854
0.680155 2652.155055
0.683296 2649.552144
0.686438 2647.003895
0.689580 2644.509578
0.692721 2642.068393
0.695863 2639.677219
0.699004 2637.336010
0.702146 2635.041707
0.705288 2632.793495
0.708429 2630.590501
0.711571 2628.429754
0.714712 2626.311062
0.717854 2624.231508
0.720996 2622.190205
0.724137 2620.186217
0.727279 2618.216700
0.730420 2616.281341
0.733562 2614.377339
0.736703 2612.504340
0.739845 2610.659582
0.742987 2608.842099
0.746128 2607.050932
0.749270 2605.284163
0.752411 2603.542754
0.755553 2601.825454
0.758695 2600.132679
0.761836 2598.464812
0.764978 2596.820649
0.768119 2595.201095
0.771261 2593.604974
0.774403 2592.032663
0.777544 2590.484510
0.780686 2588.959385
0.783827 2587.458116
0.786969 2585.979605
0.790111 2584.524191
0.793252 2583.092183
0.796394 2581.682526
0.799535 2580.295976
0.802677 2578.931506
0.805819 2577.589419
0.808960 2576.269988
0.812102 2574.972231
0.815243 2573.696831
0.818385 2572.442834
0.821526 2571.210894
0.824668 2570.000084
0.827810 2568.810658
0.830951 2567.642841
0.834093 2566.495746
0.837234 2565.369962
0.840376 2564.264628
0.843518 2563.179963
0.846659 2562.116161
0.849801 2561.072400
0.852942 2560.049204
0.856084 2559.045776
0.859226 2558.062305
0.862367 2557.098949
0.865509 2556.154954
0.868650 2555.230778
0.871792 2554.325688
0.874934 2553.439840
0.878075 2552.573364
0.881217 2551.725565
0.884358 2550.896840
0.887500 2550.086520
0.890642 2549.294727
0.893783 2548.521562
0.896925 2547.766390
0.900066 2547.029550
0.903208 2546.310429
0.906349 2545.609342
0.909491 2544.925701
0.912633 2544.259588
0.915774 2543.611064
0.918916 2542.979574
0.922057 2542.365376
0.925199 2541.767938
0.928341 2541.187314
0.931482 2540.623532
0.934624 2540.076015
0.937765 2539.544854
0.940907 2539.029453
0.944049 2538.529728
0.947190 2538.045573
0.950332 2537.576421
0.953473 2537.122315
0.956615 2536.682707
0.959757 2536.257489
0.962898 2535.846530
0.966040 2535.449311
0.969181 2535.065830
0.972323 2534.695583
0.975465 2534.338438
0.978606 2533.994246
0.981748 2533.662528
0.984889 2533.343241
0.988031 2533.035923
0.991172 2532.740512
0.994314 2532.456563
0.997456 2532.183914
1.000597 2531.922391
1.003739 2531.671568
1.006880 2531.431349
1.010022 2531.201323
1.013164 2530.981311
1.016305 2530.771121
1.019447 2530.570362
1.022588 2530.378904
1.025730 2530.196369
1.028872 2530.022561
1.032013 2529.857274
1.035155 2529.700146
1.038296 2529.551019
1.041438 2529.409542
1.044580 2529.275506
1.047721 2529.148692
1.050863 2529.028763
1.054004 2528.915537
1.057146 2528.808686
1.060288 2528.707988
1.063429 2528.613217
1.066571 2528.524054
1.069712 2528.440299
1.072854 2528.361641
1.075995 2528.287874
1.079137 2528.218692
1.082279 2528.153863
1.085420 2528.093148
1.088562 2528.036251
1.091703 2527.982952
1.094845 2527.932958
1.097987 2527.886031
1.101128 2527.841926
1.104270 2527.800358
1.107411 2527.761096
1.110553 2527.723858
1.113695 2527.688400
1.116836 2527.654513
1.119978 2527.622199
1.123119 2527.591591
1.126261 2527.562784
1.129403 2527.535902
1.132544 2527.511066
1.135686 2527.488375
1.138827 2527.467957
1.141969 2527.449913
1.145111 2527.434363
1.148252 2527.421425
1.151394 2527.411206
1.154535 2527.403825
1.157677 2527.399391
1.160818 2527.398022
1.163960 2527.399830
1.167102 2527.404931
1.170243 2527.413434
1.173385 2527.425460
1.176526 2527.441115
1.179668 2527.460521
1.182810 2527.483790
1.185951 2527.511026
1.189093 2527.542360
1.192234 2527.577885
1.195376 2527.617739
1.198518 2527.662025
1.201659 2527.710840
1.204801 2527.764330
1.207942 2527.822574
1.211084 2527.885724
1.214226 2527.953875
1.217367 2528.027117
1.220509 2528.105612
1.223650 2528.189422
1.226792 2528.278715
1.229934 2528.373580
1.233075 2528.474097
1.236217 2528.580444
1.239358 2528.692668
1.242500 2528.810954
1.245641 2528.935340
1.248783 2529.066020
1.251925 2529.203068
1.255066 2529.346553
1.258208 2529.496679
1.261349 2529.653466
1.264491 2529.817125
1.267633 2529.987724
1.270774 2530.165317
1.273916 2530.350133
1.277057 2530.542166
1.280199 2530.741655
1.283341 2530.948651
1.286482 2531.163201
1.289624 2531.385554
1.292765 2531.615682
1.295907 2531.853847
1.299049 2532.100090
