0.004712 48754.549931
0.007854 46873.790191
0.010996 45051.579835
0.014137 43287.496757
0.017279 41579.443277
0.020420 39927.532629
0.023562 38329.738559
0.026704 36785.621109
0.029845 35294.671992
0.032987 33854.967442
0.036128 32466.449881
0.039270 31127.260767
0.042412 29836.875509
0.045553 28594.707391
0.048695 27398.991058
0.051836 26249.513623
0.054978 25144.568750
0.058119 24083.885772
0.061261 23065.814892
0.064403 22089.726061
0.067544 21154.935791
0.070686 20259.874445
0.073827 19404.137758
0.076969 18586.206429
0.080111 17805.384388
0.083252 17060.928322
0.086394 16351.389789
0.089535 15676.246431
0.092677 15034.093940
0.095819 14424.177973
0.098960 13845.703151
0.102102 13297.326716
0.105243 12778.423728
0.108385 12287.689361
0.111527 11824.318754
0.114668 11387.472214
0.117810 10975.897165
0.120951 10588.881585
0.124093 10225.204627
0.127235 9884.018667
0.130376 9564.447449
0.133518 9265.313071
0.136659 8985.831938
0.139801 8724.851676
0.142942 8481.564404
0.146084 8254.840791
0.149226 8043.786370
0.152367 7847.486724
0.155509 7664.842444
0.158650 7494.995784
0.161792 7336.864177
0.164934 7189.528999
0.168075 7052.057879
0.171217 6923.388866
0.174358 6802.629857
0.177500 6688.729543
0.180642 6580.752894
0.183783 6477.757339
0.186925 6378.702879
0.190066 6282.679020
0.193208 6188.883908
0.196350 6097.219693
0.199491 6007.684908
0.202633 5920.192906
0.205774 5834.769759
0.208916 5751.331439
0.212058 5669.875822
0.215199 5590.398263
0.218341 5512.818520
0.221482 5437.156353
0.224624 5363.333951
0.227765 5291.368682
0.230907 5221.185088
0.234049 5152.776728
0.237190 5086.134904
0.240332 5021.187545
0.243473 4957.946372
0.246615 4896.341481
0.249757 4836.363632
0.252898 4778.001511
0.256040 4721.188321
0.259181 4665.930606
0.262323 4612.163544
0.265465 4559.875331
0.268606 4509.052274
0.271748 4459.632380
0.274889 4411.617484
0.278031 4364.947378
0.281173 4319.607925
0.284314 4275.583295
0.287456 4232.815822
0.290597 4191.303107
0.293739 4150.989081
0.296881 4111.857515
0.300022 4073.890674
0.303164 4037.034748
0.306305 4001.283574
0.309447 3966.584755
0.312588 3932.930755
0.315730 3900.270511
0.318872 3868.585257
0.322013 3837.854987
0.325155 3808.030500
0.328296 3779.101158
0.331438 3751.018906
0.334580 3723.763450
0.337721 3697.313446
0.340863 3671.622417
0.344004 3646.677094
0.347146 3622.431959
0.350288 3598.865427
0.353429 3575.955050
0.356571 3553.656605
0.359712 3531.954663
0.362854 3510.805772
0.365996 3490.187290
0.369137 3470.075901
0.372279 3450.429165
0.375420 3431.230056
0.378562 3412.444696
0.381704 3394.071508
0.384845 3376.109806
0.387987 3358.541814
0.391128 3341.372378
0.394270 3324.584225
0.397411 3308.181706
0.400553 3292.148037
0.403695 3276.482159
0.406836 3261.182545
0.409978 3246.233114
0.413119 3231.637044
0.416261 3217.378704
0.419403 3203.456453
0.422544 3189.868226
0.425686 3176.599029
0.428827 3163.650974
0.431969 3151.009476
0.435111 3138.672366
0.438252 3126.637088
0.441394 3114.889640
0.444535 3103.431163
0.447677 3092.248020
0.450819 3081.337564
0.453960 3070.696801
0.457102 3060.312615
0.460243 3050.185279
0.463385 3040.302005
0.466527 3030.659717
0.469668 3021.255032
0.472810 3012.075621
0.475951 3003.120990
0.479093 2994.379099
0.482234 2985.849176
0.485376 2977.519449
0.488518 2969.386326
0.491659 2961.445965
0.494801 2953.686970
0.497942 2946.107944
0.501084 2938.697720
0.504226 2931.452400
0.507367 2924.367872
0.510509 2917.433287
0.513650 2910.646721
0.516792 2903.997515
0.519934 2897.481510
0.523075 2891.094379
0.526217 2884.825716
0.529358 2878.673176
0.532500 2872.626499
0.535642 2866.681323
0.538783 2860.833154
0.541925 2855.071928
0.545066 2849.394975
0.548208 2843.792343
0.551350 2838.259509
0.554491 2832.791865
0.557633 2827.379589
0.560774 2822.019876
0.563916 2816.705929
0.567057 2811.441203
0.570199 2806.222625
0.573341 2801.052155
0.576482 2795.931694
0.579624 2790.858259
0.582765 2785.835359
0.585907 2780.860073
0.589049 2775.934285
0.592190 2771.059819
0.595332 2766.233847
0.598473 2761.459720
0.601615 2756.734676
0.604757 2752.060522
0.607898 2747.438997
0.611040 2742.867438
0.614181 2738.349033
0.617323 2733.881182
0.620465 2729.465610
0.623606 2725.103975
0.626748 2720.793780
0.629889 2716.538043
0.633031 2712.334335
0.636173 2708.184296
0.639314 2704.089500
0.642456 2700.047618
0.645597 2696.061499
0.648739 2692.128884
0.651880 2688.252554
0.655022 2684.430318
0.658164 2680.663699
0.661305 2676.954145
0.664447 2673.299573
0.667588 2669.702587
0.670730 2666.161175
0.673872 2662.676769
0.677013 2659.250729
0.680155 2655.881151
0.683296 2652.570457
0.686438 2649.316819
0.689580 2646.121576
0.692721 2642.985997
0.695863 2639.908362
0.699004 2636.890909
0.702146 2633.931994
0.705288 2631.032866
0.708429 2628.194695
0.711571 2625.415955
0.714712 2622.698690
0.717854 2620.041448
0.720996 2617.445384
0.724137 2614.911571
0.727279 2612.438674
0.730420 2610.028545
0.733562 2607.679928
0.736703 2605.394595
0.739845 2603.171370
0.742987 2601.011267
0.746128 2598.915177
0.749270 2596.881227
0.752411 2594.909536
0.755553 2592.997654
0.758695 2591.145022
0.761836 2589.351007
0.764978 2587.613271
0.768119 2585.931725
0.771261 2584.304103
0.774403 2582.729753
0.777544 2581.207957
0.780686 2579.736550
0.783827 2578.315273
0.786969 2576.942026
0.790111 2575.616074
0.793252 2574.336621
0.796394 2573.101658
0.799535 2571.910774
0.802677 2570.762018
0.805819 2569.654578
0.808960 2568.587593
0.812102 2567.559188
0.815243 2566.568823
0.818385 2565.614671
0.821526 2564.696146
0.824668 2563.811466
0.827810 2562.959735
0.830951 2562.140012
0.834093 2561.350581
0.837234 2560.590748
0.840376 2559.858835
0.843518 2559.153893
0.846659 2558.474937
0.849801 2557.820341
0.852942 2557.189325
0.856084 2556.580294
0.859226 2555.992255
0.862367 2555.424190
0.865509 2554.874544
0.868650 2554.342470
0.871792 2553.826435
0.874934 2553.325415
0.878075 2552.838367
0.881217 2552.363785
0.884358 2551.900777
0.887500 2551.447854
0.890642 2551.003967
0.893783 2550.568059
0.896925 2550.138658
0.900066 2549.714841
0.903208 2549.295143
0.906349 2548.878637
0.909491 2548.463862
0.912633 2548.049756
0.915774 2547.635254
0.918916 2547.218898
0.922057 2546.799757
0.925199 2546.376370
0.928341 2545.947673
0.931482 2545.512712
0.934624 2545.071111
0.937765 2544.623617
0.940907 2544.170417
0.944049 2543.712126
0.947190 2543.249365
0.950332 2542.782310
0.953473 2542.311733
0.956615 2541.837805
0.959757 2541.361149
0.962898 2540.882390
0.966040 2540.401695
0.969181 2539.919844
0.972323 2539.437001
0.975465 2538.953793
0.978606 2538.470846
0.981748 2537.988325
0.984889 2537.507009
0.988031 2537.027065
0.991172 2536.549270
0.994314 2536.073793
0.997456 2535.601258
1.000597 2535.132288
1.003739 2534.667055
1.006880 2534.206330
1.010022 2533.750289
1.013164 2533.299555
1.016305 2532.854739
1.019447 2532.416032
1.022588 2531.984185
1.025730 2531.559395
1.028872 2531.142274
1.032013 2530.733423
1.035155 2530.333055
1.038296 2529.941896
1.041438 2529.560170
1.044580 2529.188476
1.047721 2528.827399
1.050863 2528.477182
1.054004 2528.138521
1.057146 2527.811673
1.060288 2527.497218
1.063429 2527.195725
1.066571 2526.907474
1.069712 2526.633121
1.072854 2526.372962
1.075995 2526.127637
1.079137 2525.897462
1.082279 2525.682990
1.085420 2525.484753
1.088562 2525.303099
1.091703 2525.138614
1.094845 2524.991668
1.097987 2524.862788
1.101128 2524.752478
1.104270 2524.661141
1.107411 2524.589307
1.110553 2524.537403
1.113695 2524.505928
1.116836 2524.495209
1.119978 2524.504668
1.123119 2524.533386
1.126261 2524.580467
1.129403 2524.644990
1.132544 2524.726014
1.135686 2524.822675
1.138827 2524.933998
1.141969 2525.059141
1.145111 2525.197155
1.148252 2525.347076
1.151394 2525.508087
1.154535 2525.679171
1.157677 2525.859522
1.160818 2526.048112
1.163960 2526.244147
1.167102 2526.446655
1.170243 2526.654653
1.173385 2526.867360
1.176526 2527.083727
1.179668 2527.302978
1.182810 2527.524129
1.185951 2527.746196
1.189093 2527.968407
1.192234 2528.189705
1.195376 2528.409318
1.198518 2528.626261
1.201659 2528.839551
1.204801 2529.048412
1.207942 2529.251796
1.211084 2529.448919
1.214226 2529.638800
1.217367 2529.820469
1.220509 2529.993128
1.223650 2530.155752
1.226792 2530.307532
1.229934 2530.447499
1.233075 2530.574700
1.236217 2530.688304
1.239358 2530.787323
1.242500 2530.870907
1.245641 2530.938088
1.248783 2530.987996
1.251925 2531.019692
1.255066 2531.032260
1.258208 2531.024795
1.261349 2530.996388
1.264491 2530.946107
1.267633 2530.873042
1.270774 2530.776314
1.273916 2530.654948
1.277057 2530.508107
1.280199 2530.334783
1.283341 2530.134105
1.286482 2529.905236
1.289624 2529.647116
1.292765 2529.358995
1.295907 2529.039777
1.299049 2528.688632
