0.004712 49497.250364
0.007854 47577.955253
0.010996 45718.539226
0.014137 43918.568268
0.017279 42175.898723
0.020420 40490.642745
0.023562 38860.729721
0.026704 37285.707379
0.029845 35765.053570
0.032987 34296.802490
0.036128 32880.891618
0.039270 31515.421841
0.042412 30199.854343
0.045553 28933.586780
0.048695 27714.815327
0.051836 26543.318656
0.054978 25417.353287
0.058119 24336.638819
0.061261 23299.489574
0.064403 22305.258907
0.067544 21353.245536
0.070686 20441.845735
0.073827 19570.642523
0.076969 18738.083628
0.080111 17943.454906
0.083252 17185.993933
0.086394 16464.220860
0.089535 15777.598001
0.092677 15124.690615
0.095819 14504.725000
0.098960 13916.885522
0.102102 13359.800336
0.105243 12832.826929
0.108385 12334.632212
0.111527 11864.390864
0.114668 11421.241978
0.117810 11003.905840
0.120951 10611.650982
0.124093 10243.230094
0.127235 9897.774173
0.130376 9574.384976
0.133518 9271.859046
0.136659 8989.391834
0.139801 8725.805936
0.142942 8480.272017
0.146084 8251.636191
0.149226 8038.981630
0.152367 7841.371161
0.155509 7657.681413
0.158650 7487.032193
0.161792 7328.317299
0.164934 7180.595267
0.168075 7042.910638
0.171217 6914.178200
0.174358 6793.482777
0.177500 6679.749975
0.180642 6572.021631
0.183783 6469.331940
0.186925 6370.617973
0.190066 6274.945914
0.193208 6181.496752
0.196350 6090.170176
0.199491 6000.964702
0.202633 5913.793983
0.205774 5828.683972
0.208916 5745.550929
0.212058 5664.392719
0.215199 5585.204692
0.218341 5507.906878
0.221482 5432.518947
0.224624 5358.963349
0.227765 5287.257371
0.230907 5217.325808
0.234049 5149.162224
0.237190 5082.757933
0.240332 5018.041104
0.243473 4955.023399
0.246615 4893.635145
0.249757 4833.867116
0.252898 4775.708023
0.256040 4719.091289
0.259181 4664.023416
0.262323 4610.439795
0.265465 4558.328646
0.268606 4507.676312
0.271748 4458.420996
0.274889 4410.564516
0.278031 4364.046853
0.281173 4318.853907
0.284314 4274.969893
0.287456 4232.337320
0.290597 4190.953792
0.293739 4150.763412
0.296881 4111.749995
0.300022 4073.895859
0.303164 4037.147354
0.306305 4001.498338
0.309447 3966.896565
0.312588 3933.334526
0.315730 3900.761304
0.318872 3869.158192
0.322013 3838.505247
0.325155 3808.753406
0.328296 3779.892072
0.331438 3751.873321
0.334580 3724.676927
0.337721 3698.281614
0.340863 3672.641029
0.344004 3647.741960
0.347146 3623.539005
0.350288 3600.010652
0.353429 3577.134530
0.356571 3554.866527
0.359712 3533.191282
0.362854 3512.065448
0.365996 3491.466462
0.369137 3471.371091
0.372279 3451.736994
0.375420 3432.547224
0.378562 3413.767998
0.381704 3395.397833
0.384845 3377.436136
0.387987 3359.865226
0.391128 3342.690045
0.394270 3325.893413
0.397411 3309.479778
0.400553 3293.432445
0.403695 3277.750453
0.406836 3262.432376
0.409978 3247.462215
0.413119 3232.843257
0.416261 3218.559950
0.419403 3204.610755
0.422544 3190.993710
0.425686 3177.693900
0.428827 3164.713548
0.431969 3152.038145
0.435111 3139.665627
0.438252 3127.593543
0.441394 3115.807963
0.444535 3104.310146
0.447677 3093.086527
0.450819 3082.134564
0.453960 3071.451371
0.457102 3061.023900
0.460243 3050.852547
0.463385 3040.924590
0.466527 3031.237062
0.469668 3021.786688
0.472810 3012.561206
0.475951 3003.560245
0.479093 2994.771831
0.482234 2986.195314
0.485376 2977.818990
0.488518 2969.639376
0.491659 2961.652737
0.494801 2953.847743
0.497942 2946.223122
0.501084 2938.767773
0.504226 2931.477905
0.507367 2924.349516
0.510509 2917.371824
0.513650 2910.543026
0.516792 2903.852531
0.519934 2897.296289
0.523075 2890.870080
0.526217 2884.563567
0.529358 2878.374522
0.532500 2872.292760
0.535642 2866.314023
0.538783 2860.433922
0.541925 2854.642468
0.545066 2848.937105
0.548208 2843.307956
0.551350 2837.750603
0.554491 2832.260539
0.557633 2826.828022
0.560774 2821.450355
0.563916 2816.120751
0.567057 2810.842618
0.570199 2805.612811
0.573341 2800.433232
0.576482 2795.305721
0.579624 2790.227228
0.582765 2785.201201
0.585907 2780.224654
0.589049 2775.299411
0.592190 2770.427230
0.595332 2765.605223
0.598473 2760.836675
0.601615 2756.118765
0.604757 2751.453234
0.607898 2746.841756
0.611040 2742.281612
0.614181 2737.775917
0.617323 2733.322019
0.620465 2728.921575
0.623606 2724.576175
0.626748 2720.283268
0.629889 2716.045800
0.633031 2711.861289
0.636173 2707.731308
0.639314 2703.657360
0.642456 2699.637066
0.645597 2695.673199
0.648739 2691.763452
0.651880 2687.910527
0.655022 2684.112187
0.658164 2680.369881
0.661305 2676.684989
0.664447 2673.055381
0.667588 2669.483580
0.670730 2665.967529
0.673872 2662.508587
0.677013 2659.108045
0.680155 2655.763950
0.683296 2652.478648
0.686438 2649.250261
0.689580 2646.080060
0.692721 2642.969240
0.695863 2639.916036
0.699004 2636.922606
0.702146 2633.987259
0.705288 2631.111173
0.708429 2628.295449
0.711571 2625.538511
0.714712 2622.842327
0.717854 2620.205396
0.720996 2617.628801
0.724137 2615.113548
0.727279 2612.658250
0.730420 2610.264686
0.733562 2607.931547
0.736703 2605.660532
0.739845 2603.450410
0.742987 2601.302129
0.746128 2599.216516
0.749270 2597.191699
0.752411 2595.227826
0.755553 2593.322490
0.758695 2591.475167
0.761836 2589.685261
0.764978 2587.950473
0.768119 2586.270752
0.771261 2584.643870
0.774403 2583.069213
0.777544 2581.546098
0.780686 2580.072400
0.783827 2578.647898
0.786969 2577.270529
0.790111 2575.939594
0.793252 2574.654339
0.796394 2573.412788
0.799535 2572.214573
0.802677 2571.057774
0.805819 2569.941621
0.808960 2568.865293
0.812102 2567.826947
0.815243 2566.826086
0.818385 2565.860916
0.821526 2564.930893
0.824668 2564.034269
0.827810 2563.170186
0.830951 2562.337747
0.834093 2561.535264
0.837234 2560.762090
0.840376 2560.016576
0.843518 2559.297815
0.846659 2558.604865
0.849801 2557.936127
0.852942 2557.290870
0.856084 2556.667526
0.859226 2556.065144
0.862367 2555.482751
0.865509 2554.918816
0.868650 2554.372543
0.871792 2553.842426
0.874934 2553.327483
0.878075 2552.826713
0.881217 2552.338640
0.884358 2551.862419
0.887500 2551.396587
0.890642 2550.940140
0.893783 2550.492062
0.896925 2550.050909
0.900066 2549.615806
0.903208 2549.185318
0.906349 2548.758561
0.909491 2548.334106
0.912633 2547.910932
0.915774 2547.488015
0.918916 2547.063928
0.922057 2546.637785
0.925199 2546.208156
0.928341 2545.774018
0.931482 2545.334452
0.934624 2544.889075
0.937765 2544.438610
0.940907 2543.983215
0.944049 2543.523480
0.947190 2543.060000
0.950332 2542.592925
0.953473 2542.122998
0.956615 2541.650366
0.959757 2541.175625
0.962898 2540.699372
0.966040 2540.221751
0.969181 2539.743511
0.972323 2539.264794
0.975465 2538.786199
0.978606 2538.308323
0.981748 2537.831308
0.984889 2537.355904
0.988031 2536.882255
0.991172 2536.411107
0.994314 2535.942606
0.997456 2535.477350
1.000597 2535.015931
1.003739 2534.558501
1.006880 2534.105797
1.010022 2533.657977
1.013164 2533.215632
1.016305 2532.779346
1.019447 2532.349288
1.022588 2531.926177
1.025730 2531.510189
1.028872 2531.101908
1.032013 2530.701904
1.035155 2530.310370
1.038296 2529.928000
1.041438 2529.554997
1.044580 2529.191931
1.047721 2528.839358
1.050863 2528.497500
1.054004 2528.167020
1.057146 2527.848155
1.060288 2527.541456
1.063429 2527.247463
1.066571 2526.966434
1.069712 2526.698993
1.072854 2526.445417
1.075995 2526.206312
1.079137 2525.981973
1.082279 2525.772925
1.085420 2525.579672
1.088562 2525.402537
1.091703 2525.242079
1.094845 2525.098643
1.097987 2524.972727
1.101128 2524.864810
1.104270 2524.775270
1.107411 2524.704608
1.110553 2524.653226
1.113695 2524.621596
1.116836 2524.610025
1.119978 2524.617957
1.123119 2524.644511
1.126261 2524.688827
1.129403 2524.750023
1.132544 2524.827193
1.135686 2524.919512
1.138827 2525.026044
1.141969 2525.145979
1.145111 2525.278409
1.148252 2525.422409
1.151394 2525.577195
1.154535 2525.741792
1.157677 2525.915427
1.160818 2526.097113
1.163960 2526.286090
1.167102 2526.481424
1.170243 2526.682173
1.173385 2526.887588
1.176526 2527.096662
1.179668 2527.308652
1.182810 2527.522614
1.185951 2527.737603
1.189093 2527.952879
1.192234 2528.167429
1.195376 2528.380512
1.198518 2528.591184
1.201659 2528.798500
1.204801 2529.001718
1.207942 2529.199831
1.211084 2529.392088
1.214226 2529.577549
1.217367 2529.755281
1.220509 2529.924521
1.223650 2530.084284
1.226792 2530.233796
1.229934 2530.372127
1.233075 2530.498362
1.236217 2530.611705
1.239358 2530.711206
1.242500 2530.796054
1.245641 2530.865316
1.248783 2530.918161
1.251925 2530.953687
1.255066 2530.971014
1.258208 2530.969277
1.261349 2530.947601
1.264491 2530.905094
1.267633 2530.840884
1.270774 2530.754124
1.273916 2530.643884
1.277057 2530.509356
1.280199 2530.349578
1.283341 2530.163712
1.286482 2529.950954
1.289624 2529.710291
1.292765 2529.440999
1.295907 2529.142031
1.299049 2528.812590
