0.004712 49535.876081
0.007854 47614.688328
0.010996 45753.441961
0.014137 43951.702472
0.017279 42207.324030
0.020420 40520.418830
0.023562 38888.914161
0.026704 37312.357236
0.029845 35790.225322
0.032987 34320.550625
0.036128 32903.270482
0.039270 31536.483861
0.042412 30219.651342
0.045553 28952.169913
0.048695 27732.233925
0.051836 26559.621748
0.054978 25432.588140
0.058119 24350.852335
0.061261 23312.726956
0.064403 22317.564642
0.067544 21364.663340
0.070686 20452.417709
0.073827 19580.410261
0.076969 18747.087163
0.080111 17951.733486
0.083252 17193.585970
0.086394 16471.163281
0.089535 15783.927100
0.092677 15130.441246
0.095819 14509.931172
0.098960 13921.580351
0.102102 13364.015567
0.105243 12836.593563
0.108385 12337.979918
0.111527 11867.348409
0.114668 11423.837193
0.117810 11006.165278
0.120951 10613.600361
0.124093 10244.893889
0.127235 9899.175910
0.130376 9575.547209
0.133518 9272.803127
0.136659 8990.138206
0.139801 8726.373871
0.142942 8480.679850
0.146084 8251.901110
0.149226 8039.119826
0.152367 7841.397811
0.155509 7657.610577
0.158650 7486.876944
0.161792 7328.089608
0.164934 7180.306086
0.168075 7042.569887
0.171217 6913.794719
0.174358 6793.064383
0.177500 6679.303416
0.180642 6571.552620
0.183783 6468.845146
0.186925 6370.117007
0.190066 6274.433349
0.193208 6180.974352
0.196350 6089.639560
0.199491 6000.427446
0.202633 5913.251612
0.205774 5828.137970
0.208916 5745.002733
0.212058 5663.843721
0.215199 5584.656238
0.218341 5507.360270
0.221482 5431.975440
0.224624 5358.424156
0.227765 5286.723655
0.230907 5216.798692
0.234049 5148.642783
0.237190 5082.247193
0.240332 5017.540054
0.243473 4954.532974
0.246615 4893.156243
0.249757 4833.400585
0.252898 4775.254664
0.256040 4718.651863
0.259181 4663.598632
0.262323 4610.030325
0.265465 4557.935112
0.268606 4507.299287
0.271748 4458.061016
0.274889 4410.222062
0.278031 4363.722373
0.281173 4318.547796
0.284314 4274.682496
0.287456 4232.068949
0.290597 4190.704700
0.293739 4150.533820
0.296881 4111.540074
0.300022 4073.705726
0.303164 4036.977095
0.306305 4001.347980
0.309447 3966.766103
0.312588 3933.223897
0.315730 3900.670412
0.318872 3869.086890
0.322013 3838.453337
0.325155 3808.720655
0.328296 3779.878191
0.331438 3751.877988
0.334580 3724.699767
0.337721 3698.322204
0.340863 3672.698910
0.344004 3647.816617
0.347146 3623.629888
0.350288 3600.117162
0.353429 3577.256017
0.356571 3555.002304
0.359712 3533.340609
0.362854 3512.227548
0.365996 3491.640509
0.369137 3471.556209
0.372279 3451.932270
0.375420 3432.751693
0.378562 3413.980681
0.381704 3395.617767
0.384845 3377.662385
0.387987 3360.096882
0.391128 3342.926223
0.394270 3326.133256
0.397411 3309.722455
0.400553 3293.677151
0.403695 3277.996408
0.406836 3262.678826
0.409978 3247.708432
0.413119 3233.088540
0.416261 3218.803622
0.419403 3204.852167
0.422544 3191.232239
0.425686 3177.928946
0.428827 3164.944541
0.431969 3152.264537
0.435111 3139.886898
0.438252 3127.809201
0.441394 3116.017537
0.444535 3104.513196
0.447677 3093.282634
0.450819 3082.323337
0.453960 3071.632449
0.457102 3061.196941
0.460243 3051.017242
0.463385 3041.080649
0.466527 3031.384224
0.469668 3021.924721
0.472810 3012.689897
0.475951 3003.679416
0.479093 2994.881321
0.482234 2986.294996
0.485376 2977.908754
0.488518 2969.719143
0.491659 2961.722458
0.494801 2953.907388
0.497942 2946.272691
0.501084 2938.807288
0.504226 2931.507416
0.507367 2924.369104
0.510509 2917.381587
0.513650 2910.543096
0.516792 2903.843059
0.519934 2897.277455
0.523075 2890.842093
0.526217 2884.526656
0.529358 2878.328948
0.532500 2872.238805
0.535642 2866.251996
0.538783 2860.364161
0.541925 2854.565333
0.545066 2848.852986
0.548208 2843.217264
0.551350 2837.653778
0.554491 2832.158048
0.557633 2826.720356
0.560774 2821.338031
0.563916 2816.004293
0.567057 2810.722539
0.570199 2805.489608
0.573341 2800.307389
0.576482 2795.177709
0.579624 2790.097502
0.582765 2785.070204
0.585907 2780.092813
0.589049 2775.167140
0.592190 2770.294928
0.595332 2765.473276
0.598473 2760.705454
0.601615 2755.988628
0.604757 2751.324524
0.607898 2746.714803
0.611040 2742.156730
0.614181 2737.653408
0.617323 2733.202170
0.620465 2728.804660
0.623606 2724.462452
0.626748 2720.172982
0.629889 2715.939182
0.633031 2711.758557
0.636173 2707.632664
0.639314 2703.562991
0.642456 2699.547148
0.645597 2695.587893
0.648739 2691.682904
0.651880 2687.834869
0.655022 2684.041538
0.658164 2680.304346
0.661305 2676.624657
0.664447 2673.000329
0.667588 2669.433870
0.670730 2665.923209
0.673872 2662.469692
0.677013 2659.074592
0.680155 2655.735949
0.683296 2652.456088
0.686438 2649.233121
0.689580 2646.068303
0.692721 2642.962815
0.695863 2639.914880
0.699004 2636.926639
0.702146 2633.996391
0.705288 2631.125296
0.708429 2628.314442
0.711571 2625.562240
0.714712 2622.870642
0.717854 2620.238136
0.720996 2617.665788
0.724137 2615.154591
0.727279 2612.703145
0.730420 2610.313212
0.733562 2607.983472
0.736703 2605.715608
0.739845 2603.508377
0.742987 2601.362712
0.746128 2599.279425
0.749270 2597.256644
0.752411 2595.294524
0.755553 2593.390666
0.758695 2591.544556
0.761836 2589.755603
0.764978 2588.021519
0.768119 2586.342259
0.771261 2584.715604
0.774403 2583.140947
0.777544 2581.617616
0.780686 2580.143490
0.783827 2578.718360
0.786969 2577.340168
0.790111 2576.008225
0.793252 2574.721785
0.796394 2573.478878
0.799535 2572.279146
0.802677 2571.120677
0.805819 2570.002709
0.808960 2568.924430
0.812102 2567.884002
0.815243 2566.880939
0.818385 2565.913454
0.821526 2564.981013
0.824668 2564.081872
0.827810 2563.215184
0.830951 2562.380060
0.834093 2561.574819
0.837234 2560.798824
0.840376 2560.050432
0.843518 2559.328744
0.846659 2558.632828
0.849801 2557.961092
0.852942 2557.312813
0.856084 2556.686431
0.859226 2556.081003
0.862367 2555.495565
0.865509 2554.928594
0.868650 2554.379302
0.871792 2553.846189
0.874934 2553.328283
0.878075 2552.824592
0.881217 2552.333647
0.884358 2551.854610
0.887500 2551.386027
0.890642 2550.926903
0.893783 2550.476230
0.896925 2550.032570
0.900066 2549.595059
0.903208 2549.162267
0.906349 2548.733321
0.909491 2548.306798
0.912633 2547.881686
0.915774 2547.456969
0.918916 2547.031228
0.922057 2546.603585
0.925199 2546.172618
0.928341 2545.737313
0.931482 2545.296758
0.934624 2544.850567
0.937765 2544.399459
0.940907 2543.943588
0.944049 2543.483537
0.947190 2543.019894
0.950332 2542.552804
0.953473 2542.083006
0.956615 2541.610641
0.959757 2541.136298
0.962898 2540.660569
0.966040 2540.183593
0.969181 2539.706112
0.972323 2539.228264
0.975465 2538.750642
0.978606 2538.273836
0.981748 2537.797984
0.984889 2537.323830
0.988031 2536.851511
0.991172 2536.381769
0.994314 2535.914745
0.997456 2535.451030
1.000597 2534.991210
1.003739 2534.535432
1.006880 2534.084427
1.010022 2533.638349
1.013164 2533.197782
1.016305 2532.763304
1.019447 2532.335080
1.022588 2531.913821
1.025730 2531.499700
1.028872 2531.093293
1.032013 2530.695165
1.035155 2530.305505
1.038296 2529.925000
1.041438 2529.553848
1.044580 2529.192613
1.047721 2528.841845
1.050863 2528.501761
1.054004 2528.173018
1.057146 2527.855847
1.060288 2527.550795
1.063429 2527.258394
1.066571 2526.978898
1.069712 2526.712925
1.072854 2526.460747
1.075995 2526.222964
1.079137 2525.999865
1.082279 2525.791969
1.085420 2525.599775
1.088562 2525.423601
1.091703 2525.263999
1.094845 2525.121309
1.097987 2524.996025
1.101128 2524.888618
1.104270 2524.799460
1.107411 2524.729048
1.110553 2524.677779
1.113695 2524.646118
1.116836 2524.634368
1.119978 2524.641978
1.123119 2524.668075
1.126261 2524.711806
1.129403 2524.772297
1.132544 2524.848652
1.135686 2524.940051
1.138827 2525.045567
1.141969 2525.164398
1.145111 2525.295645
1.148252 2525.438391
1.151394 2525.591857
1.154535 2525.755078
1.157677 2525.927290
1.160818 2526.107512
1.163960 2526.294993
1.167102 2526.488805
1.170243 2526.688017
1.173385 2526.891886
1.176526 2527.099414
1.179668 2527.309864
1.182810 2527.522301
1.185951 2527.735789
1.189093 2527.949595
1.192234 2528.162713
1.195376 2528.374412
1.198518 2528.583753
1.201659 2528.789802
1.204801 2528.991823
1.207942 2529.188817
1.211084 2529.380043
1.214226 2529.564566
1.217367 2529.741462
1.220509 2529.909977
1.223650 2530.069133
1.226792 2530.218164
1.229934 2530.356147
1.233075 2530.482177
1.236217 2530.595464
1.239358 2530.695067
1.242500 2530.780182
1.245641 2530.849885
1.248783 2530.903352
1.251925 2530.939690
1.255066 2530.958026
1.258208 2530.957503
1.261349 2530.937254
1.264491 2530.896395
1.267633 2530.834063
1.270774 2530.749417
1.273916 2530.641536
1.277057 2530.509619
1.280199 2530.352714
1.283341 2530.169989
1.286482 2529.960647
1.289624 2529.723685
1.292765 2529.458387
1.295907 2529.163713
1.299049 2528.838875
