0.004712 49690.673769
0.007854 47762.151882
0.010996 45893.805644
0.014137 44085.198843
0.017279 42334.177426
0.020420 40640.853967
0.023562 39003.147817
0.026704 37420.604418
0.029845 35892.698989
0.032987 34417.456209
0.036128 32994.813110
0.039270 31622.861396
0.042412 30301.059534
0.045553 29028.802150
0.048695 27804.276705
0.051836 26627.260640
0.054978 25496.002060
0.058119 24410.219037
0.061261 23368.217768
0.064403 22369.348356
0.067544 21412.905999
0.070686 20497.279250
0.073827 19622.048924
0.076969 18785.655285
0.080111 17987.380604
0.083252 17226.458629
0.086394 16501.402410
0.089535 15811.671454
0.092677 15155.824142
0.095819 14533.082891
0.098960 13942.627972
0.102102 13383.080980
0.105243 12853.796069
0.108385 12353.433783
0.111527 11881.164657
0.114668 11436.123470
0.117810 11017.024402
0.120951 10623.132211
0.124093 10253.193647
0.127235 9906.335347
0.130376 9581.654563
0.133518 9277.942118
0.136659 8994.389320
0.139801 8729.813178
0.142942 8483.380088
0.146084 8253.930695
0.149226 8040.543571
0.152367 7842.276840
0.155509 7658.001817
0.158650 7486.833783
0.161792 7327.661307
0.164934 7179.538202
0.168075 7041.504213
0.171217 6912.469006
0.174358 6791.512702
0.177500 6677.555842
0.180642 6569.635452
0.183783 6466.780879
0.186925 6367.924187
0.190066 6272.126759
0.193208 6178.565732
0.196350 6087.140021
0.199491 5997.847827
0.202633 5910.602410
0.205774 5825.429430
0.208916 5742.244769
0.212058 5661.045974
0.215199 5581.828063
0.218341 5504.510710
0.221482 5429.113256
0.224624 5355.557807
0.227765 5283.861311
0.230907 5213.948229
0.234049 5145.811786
0.237190 5079.442941
0.240332 5014.769550
0.243473 4951.802905
0.246615 4890.473029
0.249757 4830.770341
0.252898 4772.683189
0.256040 4716.144700
0.259181 4661.160991
0.262323 4607.667166
0.265465 4555.651079
0.268606 4505.098702
0.271748 4455.947963
0.274889 4408.200273
0.278031 4361.795344
0.281173 4316.718703
0.284314 4272.954186
0.287456 4230.444040
0.290597 4189.185452
0.293739 4149.122265
0.296881 4110.237916
0.300022 4072.514342
0.303164 4035.897637
0.306305 4000.381234
0.309447 3965.912635
0.312588 3932.483906
0.315730 3900.043875
0.318872 3868.573455
0.322013 3838.052322
0.325155 3808.431156
0.328296 3779.698938
0.331438 3751.807489
0.334580 3724.736200
0.337721 3698.463419
0.340863 3672.942531
0.344004 3648.159909
0.347146 3624.069886
0.350288 3600.650574
0.353429 3577.879228
0.356571 3555.711465
0.359712 3534.131522
0.362854 3513.095771
0.365996 3492.581280
0.369137 3472.564454
0.372279 3453.002661
0.375420 3433.878572
0.378562 3415.158284
0.381704 3396.840436
0.384845 3378.924601
0.387987 3361.393303
0.391128 3344.251637
0.394270 3327.482621
0.397411 3311.090864
0.400553 3295.059862
0.403695 3279.388823
0.406836 3264.076497
0.409978 3249.107066
0.413119 3234.483996
0.416261 3220.191907
0.419403 3206.229440
0.422544 3192.594815
0.425686 3179.273285
0.428827 3166.267263
0.431969 3153.562401
0.435111 3141.156820
0.438252 3129.048260
0.441394 3117.222942
0.444535 3105.682331
0.447677 3094.413010
0.450819 3083.412629
0.453960 3072.678494
0.457102 3062.197705
0.460243 3051.970866
0.463385 3041.985400
0.466527 3032.238532
0.469668 3022.727186
0.472810 3013.439237
0.475951 3004.374533
0.479093 2995.521235
0.482234 2986.878914
0.485376 2978.435999
0.488518 2970.189205
0.491659 2962.134998
0.494801 2954.262183
0.497942 2946.569705
0.501084 2939.046600
0.504226 2931.689274
0.507367 2924.493927
0.510509 2917.449907
0.513650 2910.555635
0.516792 2903.800654
0.519934 2897.181111
0.523075 2890.692984
0.526217 2884.326075
0.529358 2878.078371
0.532500 2871.939826
0.535642 2865.906380
0.538783 2859.973836
0.541925 2854.132351
0.545066 2848.379576
0.548208 2842.705783
0.551350 2837.106747
0.554491 2831.578149
0.557633 2826.110400
0.560774 2820.700999
0.563916 2815.343196
0.567057 2810.040330
0.570199 2804.789145
0.573341 2799.591456
0.576482 2794.449014
0.579624 2789.358664
0.582765 2784.323766
0.585907 2779.341236
0.589049 2774.412803
0.592190 2769.540133
0.595332 2764.720241
0.598473 2759.956317
0.601615 2755.245447
0.604757 2750.589277
0.607898 2745.989382
0.611040 2741.442955
0.614181 2736.953009
0.617323 2732.516805
0.620465 2728.135903
0.623606 2723.811790
0.626748 2719.541832
0.629889 2715.328869
0.633031 2711.170338
0.636173 2707.067709
0.639314 2703.022382
0.642456 2699.031900
0.645597 2695.098925
0.648739 2691.221072
0.651880 2687.400929
0.655022 2683.636186
0.658164 2679.928186
0.661305 2676.278203
0.664447 2672.684034
0.667588 2669.148086
0.670730 2665.668228
0.673872 2662.245715
0.677013 2658.881730
0.680155 2655.574250
0.683296 2652.325501
0.686438 2649.133535
0.689580 2645.999516
0.692721 2642.924533
0.695863 2639.906748
0.699004 2636.948204
0.702146 2634.047135
0.705288 2631.204615
0.708429 2628.421639
0.711571 2625.696555
0.714712 2623.031219
0.717854 2620.424054
0.720996 2617.876038
0.724137 2615.388074
0.727279 2612.958698
0.730420 2610.589576
0.733562 2608.279320
0.736703 2606.029521
0.739845 2603.838866
0.742987 2601.708202
0.746128 2599.638261
0.749270 2597.627167
0.752411 2595.675113
0.755553 2593.779754
0.758695 2591.940616
0.761836 2590.157156
0.764978 2588.427134
0.768119 2586.750548
0.771261 2585.125228
0.774403 2583.550612
0.777544 2582.026075
0.780686 2580.549542
0.783827 2579.120850
0.786969 2577.737986
0.790111 2576.400310
0.793252 2575.107121
0.796394 2573.856495
0.799535 2572.648123
0.802677 2571.480133
0.805819 2570.351812
0.808960 2569.262399
0.812102 2568.210096
0.815243 2567.194470
0.818385 2566.213770
0.821526 2565.267520
0.824668 2564.354011
0.827810 2563.472449
0.830951 2562.621994
0.834093 2561.801003
0.837234 2561.008895
0.840376 2560.244062
0.843518 2559.505657
0.846659 2558.792800
0.849801 2558.103934
0.852942 2557.438394
0.856084 2556.794654
0.859226 2556.171824
0.862367 2555.568991
0.865509 2554.984668
0.868650 2554.418122
0.871792 2553.867891
0.874934 2553.333054
0.878075 2552.812671
0.881217 2552.305306
0.884358 2551.810181
0.887500 2551.325877
0.890642 2550.851449
0.893783 2550.385942
0.896925 2549.927954
0.900066 2549.476676
0.903208 2549.030715
0.906349 2548.589254
0.909491 2548.150908
0.912633 2547.714715
0.915774 2547.279708
0.918916 2546.844509
0.922057 2546.408291
0.925199 2545.969674
0.928341 2545.527691
0.931482 2545.081475
0.934624 2544.630631
0.937765 2544.175850
0.940907 2543.717249
0.944049 2543.255382
0.947190 2542.790804
0.950332 2542.323630
0.953473 2541.854563
0.956615 2541.383715
0.959757 2540.911642
0.962898 2540.438903
0.966040 2539.965606
0.969181 2539.492460
0.972323 2539.019573
0.975465 2538.547503
0.978606 2538.076808
0.981748 2537.607598
0.984889 2537.140578
0.988031 2536.675861
0.991172 2536.214150
0.994314 2535.755558
0.997456 2535.300643
1.000597 2534.849956
1.003739 2534.403617
1.006880 2533.962320
1.010022 2533.526191
1.013164 2533.095781
1.016305 2532.671631
1.019447 2532.253880
1.022588 2531.843202
1.025730 2531.439744
1.028872 2531.044047
1.032013 2530.656640
1.035155 2530.277686
1.038296 2529.907834
1.041438 2529.547256
1.044580 2529.196481
1.047721 2528.856023
1.050863 2528.526074
1.054004 2528.207253
1.057146 2527.899764
1.060288 2527.604120
1.063429 2527.320817
1.066571 2527.050082
1.069712 2526.792498
1.072854 2526.548307
1.075995 2526.318073
1.079137 2526.102059
1.082279 2525.900748
1.085420 2525.714605
1.088562 2525.543921
1.091703 2525.389212
1.094845 2525.250788
1.097987 2525.129109
1.101128 2525.024614
1.104270 2524.937646
1.107411 2524.868666
1.110553 2524.818041
1.113695 2524.786203
1.116836 2524.773433
1.119978 2524.779203
1.123119 2524.802687
1.126261 2524.843077
1.129403 2524.899543
1.132544 2524.971238
1.135686 2525.057383
1.138827 2525.157099
1.141969 2525.269628
1.145111 2525.394115
1.148252 2525.529692
1.151394 2525.675621
1.154535 2525.830986
1.157677 2525.995063
1.160818 2526.166925
1.163960 2526.345856
1.167102 2526.530979
1.170243 2526.721410
1.173385 2526.916445
1.176526 2527.115138
1.179668 2527.316792
1.182810 2527.520520
1.185951 2527.725432
1.189093 2527.930836
1.192234 2528.135777
1.195376 2528.339564
1.198518 2528.541305
1.201659 2528.740115
1.204801 2528.935297
1.207942 2529.125904
1.211084 2529.311232
1.214226 2529.490397
1.217367 2529.662522
1.220509 2529.826892
1.223650 2529.982579
1.226792 2530.128860
1.229934 2530.264859
1.233075 2530.389714
1.236217 2530.502682
1.239358 2530.602867
1.242500 2530.689509
1.245641 2530.761730
1.248783 2530.818753
1.251925 2530.859729
1.255066 2530.883827
1.258208 2530.890242
1.261349 2530.878144
1.264491 2530.846703
1.267633 2530.795095
1.270774 2530.722524
1.273916 2530.628120
1.277057 2530.511119
1.280199 2530.370624
1.283341 2530.205844
1.286482 2530.016020
1.289624 2529.800207
1.292765 2529.557719
1.295907 2529.287579
1.299049 2528.989036
