0.004712 49229.928267
0.007854 47324.151441
0.010996 45477.796717
0.014137 43690.433973
0.017279 41959.935416
0.020420 40286.413285
0.023562 38667.812272
0.026704 37103.684138
0.029845 35593.511300
0.032987 34135.342461
0.036128 32729.116512
0.039270 31372.948346
0.042412 30066.303834
0.045553 28808.585808
0.048695 27598.003719
0.051836 26434.338861
0.054978 25315.860573
0.058119 24242.291519
0.061261 23211.958409
0.064403 22224.220103
0.067544 21278.381242
0.070686 20372.849864
0.073827 19507.213086
0.076969 18679.930014
0.080111 17890.292524
0.083252 17137.544567
0.086394 16420.217133
0.089535 15737.777537
0.092677 15088.801536
0.095819 14472.521893
0.098960 13888.129748
0.102102 13334.263289
0.105243 12810.285783
0.108385 12314.873885
0.111527 11847.209121
0.114668 11406.437696
0.117810 10991.289244
0.120951 10601.038736
0.124093 10234.447973
0.127235 9890.655122
0.130376 9568.769323
0.133518 9267.595911
0.136659 8986.337306
0.139801 8723.824712
0.142942 8479.235939
0.146084 8251.425539
0.149226 8039.484200
0.152367 7842.482407
0.155509 7659.305013
0.158650 7489.079329
0.161792 7330.707258
0.164934 7183.255023
0.168075 7045.774948
0.171217 6917.189787
0.174358 6796.592100
0.177500 6682.915389
0.180642 6575.209291
0.183783 6472.515843
0.186925 6373.779946
0.190066 6278.075629
0.193208 6184.589785
0.196350 6093.223048
0.199491 6003.974076
0.202633 5916.756618
0.205774 5831.596782
0.208916 5748.410924
0.212058 5667.197047
0.215199 5587.950647
0.218341 5510.591844
0.221482 5435.140469
0.224624 5361.519061
0.227765 5289.745071
0.230907 5219.743379
0.234049 5151.507694
0.237190 5085.029479
0.240332 5020.236984
0.243473 4957.142043
0.246615 4895.675059
0.249757 4835.826957
0.252898 4777.586600
0.256040 4720.887483
0.259181 4665.736288
0.262323 4612.068478
0.265465 4559.872423
0.268606 4509.134622
0.271748 4459.793346
0.274889 4411.850596
0.278031 4365.246422
0.281173 4319.966879
0.284314 4275.996332
0.287456 4233.277362
0.290597 4191.807755
0.293739 4151.531682
0.296881 4112.433113
0.300022 4074.494519
0.303164 4037.662320
0.306305 4001.930553
0.309447 3967.247046
0.312588 3933.604466
0.315730 3900.951972
0.318872 3869.271007
0.322013 3838.541780
0.325155 3808.715302
0.328296 3779.781150
0.331438 3751.691480
0.334580 3724.426214
0.337721 3697.964224
0.340863 3672.259239
0.344004 3647.298213
0.347146 3623.035832
0.350288 3599.450728
0.353429 3576.520673
0.356571 3554.201646
0.359712 3532.478444
0.362854 3511.307815
0.365996 3490.667338
0.369137 3470.533917
0.372279 3450.865311
0.375420 3431.644722
0.378562 3412.838394
0.381704 3394.444767
0.384845 3376.463156
0.387987 3358.875764
0.391128 3341.687445
0.394270 3324.880910
0.397411 3308.460513
0.400553 3292.409454
0.403695 3276.726675
0.406836 3261.410648
0.409978 3246.445275
0.413119 3231.833741
0.416261 3217.560396
0.419403 3203.623600
0.422544 3190.021286
0.425686 3176.738447
0.428827 3163.777196
0.431969 3151.122935
0.435111 3138.773494
0.438252 3126.726314
0.441394 3114.967380
0.444535 3103.497834
0.447677 3092.304028
0.450819 3081.383313
0.453960 3070.732689
0.457102 3060.339030
0.460243 3050.202611
0.463385 3040.310631
0.466527 3030.660012
0.469668 3021.247365
0.472810 3012.060354
0.475951 3003.098482
0.479093 2994.349700
0.482234 2985.813232
0.485376 2977.477300
0.488518 2969.338306
0.491659 2961.392403
0.494801 2953.628189
0.497942 2946.044261
0.501084 2938.629447
0.504226 2931.379842
0.507367 2924.291330
0.510509 2917.353055
0.513650 2910.563089
0.516792 2903.910764
0.519934 2897.391918
0.523075 2891.002219
0.526217 2884.731253
0.529358 2878.576670
0.532500 2872.528205
0.535642 2866.581490
0.538783 2860.732024
0.541925 2854.969739
0.545066 2849.291961
0.548208 2843.688727
0.551350 2838.155513
0.554491 2832.687703
0.557633 2827.275470
0.560774 2821.916003
0.563916 2816.602500
0.567057 2811.338409
0.570199 2806.120650
0.573341 2800.951178
0.576482 2795.831887
0.579624 2790.759788
0.582765 2785.738383
0.585907 2780.764745
0.589049 2775.840753
0.592190 2770.968221
0.595332 2766.144320
0.598473 2761.372390
0.601615 2756.649666
0.604757 2751.977946
0.607898 2747.358965
0.611040 2742.790052
0.614181 2738.274389
0.617323 2733.809371
0.620465 2729.396716
0.623606 2725.038075
0.626748 2720.730944
0.629889 2716.478337
0.633031 2712.277818
0.636173 2708.131020
0.639314 2704.039510
0.642456 2700.000953
0.645597 2696.018193
0.648739 2692.088964
0.651880 2688.216040
0.655022 2684.397226
0.658164 2680.634036
0.661305 2676.927913
0.664447 2673.276768
0.667588 2669.683197
0.670730 2666.145183
0.673872 2662.664152
0.677013 2659.241456
0.680155 2655.875187
0.683296 2652.567759
0.686438 2649.317338
0.689580 2646.125258
0.692721 2642.992780
0.695863 2639.918179
0.699004 2636.903684
0.702146 2633.947649
0.705288 2631.051313
0.708429 2628.215841
0.711571 2625.439701
0.714712 2622.724930
0.717854 2620.070072
0.720996 2617.476273
0.724137 2614.944599
0.727279 2612.473712
0.730420 2610.065455
0.733562 2607.718567
0.736703 2605.434814
0.739845 2603.213011
0.742987 2601.054170
0.746128 2598.959172
0.749270 2596.926146
0.752411 2594.955215
0.755553 2593.043935
0.758695 2591.191750
0.761836 2589.398033
0.764978 2587.660451
0.768119 2585.978919
0.771261 2584.351176
0.774403 2582.776576
0.777544 2581.254405
0.780686 2579.782501
0.783827 2578.360613
0.786969 2576.986644
0.790111 2575.659865
0.793252 2574.379484
0.796394 2573.143495
0.799535 2571.951496
0.802677 2570.801537
0.805819 2569.692814
0.808960 2568.624469
0.812102 2567.594631
0.815243 2566.602767
0.818385 2565.647053
0.821526 2564.726909
0.824668 2563.840558
0.827810 2562.987107
0.830951 2562.165622
0.834093 2561.374390
0.837234 2560.612724
0.840376 2559.878949
0.843518 2559.172120
0.846659 2558.491261
0.849801 2557.834746
0.852942 2557.201803
0.856084 2556.590840
0.859226 2556.000870
0.862367 2555.430881
0.865509 2554.879319
0.868650 2554.345346
0.871792 2553.827430
0.874934 2553.324554
0.878075 2552.835681
0.881217 2552.359308
0.884358 2551.894548
0.887500 2551.439916
0.890642 2550.994370
0.893783 2550.556858
0.896925 2550.125910
0.900066 2549.700610
0.903208 2549.279497
0.906349 2548.861650
0.909491 2548.445611
0.912633 2548.030323
0.915774 2547.614728
0.918916 2547.197371
0.922057 2546.777327
0.925199 2546.353138
0.928341 2545.923747
0.931482 2545.488203
0.934624 2545.046129
0.937765 2544.598269
0.940907 2544.144808
0.944049 2543.686355
0.947190 2543.223527
0.950332 2542.756500
0.953473 2542.286039
0.956615 2541.812314
0.959757 2541.335943
0.962898 2540.857547
0.966040 2540.377291
0.969181 2539.895950
0.972323 2539.413686
0.975465 2538.931121
0.978606 2538.448878
0.981748 2537.967118
0.984889 2537.486617
0.988031 2537.007539
0.991172 2536.530657
0.994314 2536.056135
0.997456 2535.584596
1.000597 2535.116658
1.003739 2534.652490
1.006880 2534.192857
1.010022 2533.737936
1.013164 2533.288343
1.016305 2532.844687
1.019447 2532.407154
1.022588 2531.976492
1.025730 2531.552896
1.028872 2531.136973
1.032013 2530.729321
1.035155 2530.330148
1.038296 2529.940179
1.041438 2529.559632
1.044580 2529.189104
1.047721 2528.829176
1.050863 2528.480089
1.054004 2528.142532
1.057146 2527.816760
1.060288 2527.503352
1.063429 2527.202869
1.066571 2526.915591
1.069712 2526.642168
1.072854 2526.382895
1.075995 2526.138407
1.079137 2525.909016
1.082279 2525.695272
1.085420 2525.497704
1.088562 2525.316655
1.091703 2525.152710
1.094845 2525.006232
1.097987 2524.877747
1.101128 2524.767755
1.104270 2524.676655
1.107411 2524.604973
1.110553 2524.553134
1.113695 2524.521633
1.116836 2524.510793
1.119978 2524.520040
1.123119 2524.548460
1.126261 2524.595161
1.129403 2524.659230
1.132544 2524.739728
1.135686 2524.835797
1.138827 2524.946467
1.141969 2525.070901
1.145111 2525.208155
1.148252 2525.357272
1.151394 2525.517437
1.154535 2525.687639
1.157677 2525.867078
1.160818 2526.054731
1.163960 2526.249809
1.167102 2526.451343
1.170243 2526.658358
1.173385 2526.870076
1.176526 2527.085454
1.179668 2527.303720
1.182810 2527.523897
1.185951 2527.745005
1.189093 2527.966275
1.192234 2528.186659
1.195376 2528.405388
1.198518 2528.621481
1.201659 2528.833963
1.204801 2529.042059
1.207942 2529.244730
1.211084 2529.441194
1.214226 2529.630477
1.217367 2529.811614
1.220509 2529.983810
1.223650 2530.146048
1.226792 2530.297522
1.229934 2530.437268
1.233075 2530.564341
1.236217 2530.677910
1.239358 2530.776996
1.242500 2530.860753
1.245641 2530.928218
1.248783 2530.978525
1.251925 2531.010741
1.255066 2531.023956
1.258208 2531.017269
1.261349 2530.989776
1.264491 2530.940549
1.267633 2530.868686
1.270774 2530.773311
1.273916 2530.653454
1.277057 2530.508283
1.280199 2530.336796
1.283341 2530.138126
1.286482 2529.911442
1.289624 2529.655688
1.292765 2529.370120
1.295907 2529.053647
1.299049 2528.705445
