0.004712 49729.269557
0.007854 47799.003426
0.010996 45928.966162
0.014137 44118.721226
0.017279 42366.112677
0.020420 40671.253258
0.023562 39032.060499
0.026704 37448.079496
0.029845 35918.785058
0.032987 34442.200139
0.036128 33018.261783
0.039270 31645.060025
0.042412 30322.052910
0.045553 29048.634583
0.048695 27822.990923
0.051836 26644.899241
0.054978 25512.606114
0.058119 24425.829429
0.061261 23382.873910
0.064403 22383.089138
0.067544 21425.769742
0.070686 20509.302873
0.073827 19633.269039
0.076969 18796.107149
0.080111 17997.098894
0.083252 17235.477396
0.086394 16509.754415
0.089535 15819.389042
0.092677 15162.938410
0.095819 14539.624301
0.098960 13948.626312
0.102102 13388.564846
0.105243 12858.793547
0.108385 12357.971803
0.111527 11885.269467
0.114668 11439.820599
0.117810 11020.338279
0.120951 10626.086664
0.124093 10255.811436
0.127235 9908.638503
0.130376 9583.664368
0.133518 9279.678821
0.136659 8995.872503
0.139801 8731.061419
0.142942 8484.411273
0.146084 8254.761727
0.149226 8041.190583
0.152367 7842.755174
0.155509 7658.325863
0.158650 7487.017189
0.161792 7327.716787
0.164934 7179.477674
0.168075 7041.338785
0.171217 6912.208876
0.174358 6791.167286
0.177500 6677.133657
0.180642 6569.144204
0.183783 6466.227447
0.186925 6367.314569
0.190066 6271.466147
0.193208 6177.858622
0.196350 6086.390739
0.199491 5997.060600
0.202633 5909.781329
0.205774 5824.578497
0.208916 5741.367856
0.212058 5660.146850
0.215199 5580.910394
0.218341 5503.578037
0.221482 5428.169019
0.224624 5354.605329
0.227765 5282.903807
0.230907 5212.988801
0.234049 5144.853426
0.237190 5078.488529
0.240332 5013.821857
0.243473 4950.864587
0.246615 4889.546637
0.249757 4829.858310
0.252898 4771.787840
0.256040 4715.268254
0.259181 4660.305544
0.262323 4606.834715
0.265465 4554.843506
0.268606 4504.317769
0.271748 4455.195336
0.274889 4407.477491
0.278031 4361.103853
0.281173 4316.059828
0.284314 4272.329130
0.287456 4229.853918
0.290597 4188.631244
0.293739 4148.604864
0.296881 4109.758091
0.300022 4072.072739
0.303164 4035.494815
0.306305 4000.017619
0.309447 3965.588563
0.312588 3932.199579
0.315730 3899.799409
0.318872 3868.368842
0.322013 3837.887429
0.325155 3808.305766
0.328296 3779.612698
0.331438 3751.759958
0.334580 3724.726814
0.337721 3698.491491
0.340863 3673.007288
0.344004 3648.260442
0.347146 3624.205199
0.350288 3600.819546
0.353429 3578.080620
0.356571 3555.943944
0.359712 3534.393627
0.362854 3513.385947
0.365996 3492.897853
0.369137 3472.905629
0.372279 3453.366549
0.375420 3434.263159
0.378562 3415.561515
0.381704 3397.260291
0.384845 3379.359111
0.387987 3361.840562
0.391128 3344.709784
0.394270 3327.949856
0.397411 3311.565435
0.400553 3295.540075
0.403695 3279.873036
0.406836 3264.563120
0.409978 3249.594566
0.413119 3234.970892
0.416261 3220.676771
0.419403 3206.710898
0.422544 3193.071550
0.425686 3179.744028
0.428827 3166.730805
0.431969 3154.017580
0.435111 3141.602532
0.438252 3129.483457
0.441394 3117.646624
0.444535 3106.093558
0.447677 3094.810888
0.450819 3083.796321
0.453960 3073.047224
0.457102 3062.550739
0.460243 3052.307535
0.463385 3042.305077
0.466527 3032.540650
0.469668 3023.011236
0.472810 3013.704755
0.475951 3004.621119
0.479093 2995.748530
0.482234 2987.086626
0.485376 2978.623876
0.488518 2970.357057
0.491659 2962.282694
0.494801 2954.389632
0.497942 2946.676884
0.501084 2939.133527
0.504226 2931.756027
0.507367 2924.540642
0.510509 2917.476765
0.513650 2910.562880
0.516792 2903.788571
0.519934 2897.150049
0.523075 2890.643348
0.526217 2884.258313
0.529358 2877.992996
0.532500 2871.837394
0.535642 2865.787506
0.538783 2859.839195
0.541925 2853.982659
0.545066 2848.215615
0.548208 2842.528378
0.551350 2836.916782
0.554491 2831.376565
0.557633 2825.898187
0.560774 2820.479202
0.563916 2815.112873
0.567057 2809.802519
0.570199 2804.544850
0.573341 2799.341657
0.576482 2794.194663
0.579624 2789.100680
0.582765 2784.063045
0.585907 2779.078641
0.589049 2774.149173
0.592190 2769.276275
0.595332 2764.456937
0.598473 2759.694317
0.601615 2754.985475
0.604757 2750.332029
0.607898 2745.735524
0.611040 2741.193127
0.614181 2736.707819
0.617323 2732.276837
0.620465 2727.901710
0.623606 2723.583896
0.626748 2719.320736
0.629889 2715.115037
0.633031 2710.964212
0.636173 2706.869702
0.639314 2702.832874
0.642456 2698.851249
0.645597 2694.927455
0.648739 2691.059085
0.651880 2687.248693
0.655022 2683.493944
0.658164 2679.796152
0.661305 2676.156560
0.664447 2672.572941
0.667588 2669.047669
0.670730 2665.578590
0.673872 2662.166929
0.677013 2658.813835
0.680155 2655.517265
0.683296 2652.279410
0.686438 2649.098299
0.689580 2645.975065
0.692721 2642.910766
0.695863 2639.903543
0.699004 2636.955401
0.702146 2634.064555
0.705288 2631.232046
0.708429 2628.458838
0.711571 2625.743258
0.714712 2623.087126
0.717854 2620.488843
0.720996 2617.949356
0.724137 2615.469536
0.727279 2613.047897
0.730420 2610.686072
0.733562 2608.382649
0.736703 2606.139185
0.739845 2603.954345
0.742987 2601.828944
0.746128 2599.763686
0.749270 2597.756694
0.752411 2595.808175
0.755553 2593.915801
0.758695 2592.079114
0.761836 2590.297586
0.764978 2588.568995
0.768119 2586.893354
0.771261 2585.268511
0.774403 2583.693918
0.777544 2582.168967
0.780686 2580.691599
0.783827 2579.261668
0.786969 2577.877177
0.790111 2576.537500
0.793252 2575.241957
0.796394 2573.988634
0.799535 2572.777244
0.802677 2571.605927
0.805819 2570.473989
0.808960 2569.380684
0.812102 2568.324229
0.815243 2567.304210
0.818385 2566.318890
0.821526 2565.367810
0.824668 2564.449277
0.827810 2563.562512
0.830951 2562.706695
0.834093 2561.880194
0.837234 2561.082449
0.840376 2560.311864
0.843518 2559.567611
0.846659 2558.848827
0.849801 2558.153967
0.852942 2557.482387
0.856084 2556.832573
0.859226 2556.203654
0.862367 2555.594734
0.865509 2555.004338
0.868650 2554.431754
0.871792 2553.875533
0.874934 2553.334770
0.878075 2552.808545
0.881217 2552.295434
0.884358 2551.794678
0.887500 2551.304871
0.890642 2550.825087
0.893783 2550.354387
0.896925 2549.891385
0.900066 2549.435287
0.903208 2548.984717
0.906349 2548.538875
0.909491 2548.096391
0.912633 2547.656318
0.915774 2547.217709
0.918916 2546.779199
0.922057 2546.339979
0.925199 2545.898682
0.928341 2545.454362
0.931482 2545.006163
0.934624 2544.553690
0.937765 2544.097622
0.940907 2543.638064
0.944049 2543.175560
0.947190 2542.710655
0.950332 2542.243449
0.953473 2541.774637
0.956615 2541.304318
0.959757 2540.833038
0.962898 2540.361345
0.966040 2539.889334
0.969181 2539.417704
0.972323 2538.946552
0.975465 2538.476424
0.978606 2538.007867
0.981748 2537.540980
0.984889 2537.076456
0.988031 2536.614398
0.991172 2536.155496
0.994314 2535.699855
0.997456 2535.248019
1.000597 2534.800526
1.003739 2534.357490
1.006880 2533.919589
1.010022 2533.486941
1.013164 2533.060084
1.016305 2532.639548
1.019447 2532.225462
1.022588 2531.818486
1.025730 2531.418760
1.028872 2531.026809
1.032013 2530.643154
1.035155 2530.267946
1.038296 2529.901821
1.041438 2529.544943
1.044580 2529.197828
1.047721 2528.860978
1.050863 2528.534575
1.054004 2528.219226
1.057146 2527.915125
1.060288 2527.622772
1.063429 2527.342653
1.066571 2527.074984
1.069712 2526.820335
1.072854 2526.578939
1.075995 2526.351347
1.079137 2526.137812
1.082279 2525.938805
1.085420 2525.754780
1.088562 2525.586017
1.091703 2525.433020
1.094845 2525.296089
1.097987 2525.175672
1.101128 2525.072197
1.104270 2524.985994
1.107411 2524.917516
1.110553 2524.867117
1.113695 2524.835217
1.116836 2524.822090
1.119978 2524.827216
1.123119 2524.849787
1.126261 2524.889007
1.129403 2524.944066
1.132544 2525.014130
1.135686 2525.098437
1.138827 2525.196124
1.141969 2525.306448
1.145111 2525.428569
1.148252 2525.561638
1.151394 2525.704930
1.154535 2525.857547
1.157677 2526.018778
1.160818 2526.187713
1.163960 2526.363653
1.167102 2526.545736
1.170243 2526.733095
1.173385 2526.925039
1.176526 2527.120641
1.179668 2527.319217
1.182810 2527.519897
1.185951 2527.721809
1.189093 2527.924273
1.192234 2528.126354
1.195376 2528.327372
1.198518 2528.526454
1.201659 2528.722731
1.204801 2528.915520
1.207942 2529.103891
1.211084 2529.287157
1.214226 2529.464447
1.217367 2529.634902
1.220509 2529.797822
1.223650 2529.952295
1.226792 2530.097614
1.229934 2530.232918
1.233075 2530.357362
1.236217 2530.470218
1.239358 2530.570607
1.242500 2530.657784
1.245641 2530.730886
1.248783 2530.789153
1.251925 2530.831751
1.255066 2530.857866
1.258208 2530.866707
1.261349 2530.857462
1.264491 2530.829315
1.267633 2530.781461
1.270774 2530.713115
1.273916 2530.623426
1.277057 2530.511644
1.280199 2530.376891
1.283341 2530.218389
1.286482 2530.035394
1.289624 2529.826981
1.292765 2529.592475
1.295907 2529.330919
1.299049 2529.041576
