0.004712 49918.323068
0.007854 47980.422301
0.010996 46102.955142
0.014137 44285.484455
0.017279 42525.846836
0.020420 40824.156641
0.023562 39178.324188
0.026704 37587.893914
0.029845 36052.339729
0.032987 34569.677737
0.036128 33139.845987
0.039270 31760.927902
0.042412 30432.380566
0.045553 29153.596942
0.048695 27922.756630
0.051836 26739.637385
0.054978 25602.479722
0.058119 24511.001762
0.061261 23463.502373
0.064403 22459.329794
0.067544 21497.777113
0.070686 20577.225925
0.073827 19697.256474
0.076969 18856.302301
0.080111 18053.643509
0.083252 17288.511452
0.086394 16559.412792
0.089535 15865.805908
0.092677 15206.243005
0.095819 14579.944054
0.098960 13986.086679
0.102102 13423.286602
0.105243 12890.896344
0.108385 12387.570765
0.111527 11912.477708
0.114668 11464.749075
0.117810 11043.093633
0.120951 10646.774061
0.124093 10274.531859
0.127235 9925.490749
0.130376 9598.744918
0.133518 9293.080165
0.136659 9007.685338
0.139801 8741.372567
0.142942 8493.305651
0.146084 8262.320487
0.149226 8047.492477
0.152367 7847.876454
0.155509 7662.339168
0.158650 7489.993000
0.161792 7329.722062
0.164934 7180.576848
0.168075 7041.593689
0.171217 6911.677941
0.174358 6789.906580
0.177500 6675.195922
0.180642 6566.579558
0.183783 6463.083321
0.186925 6363.635165
0.190066 6267.293144
0.193208 6173.230995
0.196350 6081.346474
0.199491 5991.636843
0.202633 5904.014032
0.205774 5818.502879
0.208916 5735.017985
0.212058 5653.555946
0.215199 5574.110784
0.218341 5496.600963
0.221482 5421.044884
0.224624 5347.363486
0.227765 5275.572735
0.230907 5205.595968
0.234049 5137.425379
0.237190 5071.050861
0.240332 5006.399203
0.243473 4943.480619
0.246615 4882.224098
0.249757 4822.618983
0.252898 4764.652517
0.256040 4708.256839
0.259181 4653.436912
0.262323 4600.126878
0.265465 4548.313480
0.268606 4497.981553
0.271748 4449.068099
0.274889 4401.573317
0.278031 4355.436013
0.281173 4310.640574
0.284314 4267.169675
0.287456 4224.964687
0.290597 4184.021538
0.293739 4144.283207
0.296881 4105.731970
0.300022 4068.348587
0.303164 4032.078307
0.306305 3996.913280
0.309447 3962.800164
0.312588 3929.729738
0.315730 3897.649993
0.318872 3866.540663
0.322013 3836.380247
0.325155 3807.118588
0.328296 3778.743377
0.331438 3751.205597
0.334580 3724.483460
0.337721 3698.554142
0.340863 3673.370183
0.344004 3648.916677
0.347146 3625.147102
0.350288 3602.038400
0.353429 3579.566670
0.356571 3557.686653
0.359712 3536.381340
0.362854 3515.606214
0.365996 3495.337190
0.369137 3475.549536
0.372279 3456.199703
0.375420 3437.269169
0.378562 3418.723624
0.381704 3400.562037
0.384845 3382.784429
0.387987 3365.373904
0.391128 3348.335969
0.394270 3331.654197
0.397411 3315.333633
0.400553 3299.358306
0.403695 3283.727890
0.406836 3268.441619
0.409978 3253.484184
0.413119 3238.859529
0.416261 3224.552765
0.419403 3210.563021
0.422544 3196.889022
0.425686 3183.516485
0.428827 3170.448347
0.431969 3157.670708
0.435111 3145.182199
0.438252 3132.981080
0.441394 3121.054004
0.444535 3109.402989
0.447677 3098.015039
0.450819 3086.888327
0.453960 3076.020694
0.457102 3065.399642
0.460243 3055.026358
0.463385 3044.888659
0.466527 3034.984306
0.469668 3025.310766
0.472810 3015.856301
0.475951 3006.621355
0.479093 2997.594469
0.482234 2988.775815
0.485376 2980.154199
0.488518 2971.726884
0.491659 2963.490882
0.494801 2955.435372
0.497942 2947.559907
0.501084 2939.853894
0.504226 2932.314291
0.507367 2924.937840
0.510509 2917.714269
0.513650 2910.642601
0.516792 2903.712754
0.519934 2896.921425
0.523075 2890.265133
0.526217 2883.734064
0.529358 2877.326798
0.532500 2871.033679
0.535642 2864.851188
0.538783 2858.775662
0.541925 2852.797656
0.545066 2846.915401
0.548208 2841.119573
0.551350 2835.406481
0.554491 2829.772329
0.557633 2824.207950
0.560774 2818.711383
0.563916 2813.275982
0.567057 2807.904900
0.570199 2802.594583
0.573341 2797.346615
0.576482 2792.162499
0.579624 2787.038801
0.582765 2781.978645
0.585907 2776.978673
0.589049 2772.040372
0.592190 2767.165146
0.595332 2762.349757
0.598473 2757.597134
0.601615 2752.904115
0.604757 2748.272087
0.607898 2743.702359
0.611040 2739.191887
0.614181 2734.743404
0.617323 2730.353944
0.620465 2726.024796
0.623606 2721.757174
0.626748 2717.548224
0.629889 2713.400491
0.633031 2709.311196
0.636173 2705.281535
0.639314 2701.312626
0.642456 2697.401805
0.645597 2693.551428
0.648739 2689.758905
0.651880 2686.026517
0.655022 2682.351749
0.658164 2678.735665
0.661305 2675.179251
0.664447 2671.680108
0.667588 2668.240326
0.670730 2664.857580
0.673872 2661.532839
0.677013 2658.266997
0.680155 2655.057839
0.683296 2651.907272
0.686438 2648.813154
0.689580 2645.776362
0.692721 2642.797700
0.695863 2639.875134
0.699004 2637.010389
0.702146 2634.201507
0.705288 2631.449271
0.708429 2628.754395
0.711571 2626.115028
0.714712 2623.532714
0.717854 2621.005672
0.720996 2618.534599
0.724137 2616.120118
0.727279 2613.760556
0.730420 2611.457280
0.733562 2609.208687
0.736703 2607.016072
0.739845 2604.877904
0.742987 2602.794755
0.746128 2600.767098
0.749270 2598.793054
0.752411 2596.872932
0.755553 2595.004553
0.758695 2593.187578
0.761836 2591.421605
0.764978 2589.704551
0.768119 2588.036554
0.771261 2586.415593
0.774403 2584.841249
0.777544 2583.313045
0.780686 2581.829050
0.783827 2580.389252
0.786969 2578.991777
0.790111 2577.636132
0.793252 2576.321772
0.796394 2575.046903
0.799535 2573.811380
0.802677 2572.613458
0.805819 2571.452580
0.808960 2570.328140
0.812102 2569.238465
0.815243 2568.183292
0.818385 2567.160992
0.821526 2566.171258
0.824668 2565.212503
0.827810 2564.284089
0.830951 2563.385342
0.834093 2562.514730
0.837234 2561.671852
0.840376 2560.855213
0.843518 2560.064129
0.846659 2559.297882
0.849801 2558.555027
0.852942 2557.835080
0.856084 2557.136625
0.859226 2556.458938
0.862367 2555.801267
0.865509 2555.162236
0.868650 2554.541295
0.871792 2553.937092
0.874934 2553.348869
0.878075 2552.775850
0.881217 2552.216711
0.884358 2551.670852
0.887500 2551.136968
0.890642 2550.614277
0.893783 2550.101984
0.896925 2549.598805
0.900066 2549.104103
0.903208 2548.616606
0.906349 2548.135667
0.909491 2547.660024
0.912633 2547.188872
0.915774 2546.721402
0.918916 2546.256360
0.922057 2545.793084
0.925199 2545.330323
0.928341 2544.867265
0.931482 2544.403180
0.934624 2543.937645
0.937765 2543.471258
0.940907 2543.004030
0.944049 2542.536416
0.947190 2542.068872
0.950332 2541.601408
0.953473 2541.134628
0.956615 2540.668543
0.959757 2540.203607
0.962898 2539.740275
0.966040 2539.278560
0.969181 2538.819062
0.972323 2538.361796
0.975465 2537.907216
0.978606 2537.455772
0.981748 2537.007483
0.984889 2536.562943
0.988031 2536.122174
0.991172 2535.685765
0.994314 2535.253746
0.997456 2534.826561
1.000597 2534.404653
1.003739 2533.988060
1.006880 2533.577354
1.010022 2533.172581
1.013164 2532.774178
1.016305 2532.382578
1.019447 2531.997838
1.022588 2531.620510
1.025730 2531.250660
1.028872 2530.888718
1.032013 2530.535101
1.035155 2530.189891
1.038296 2529.853616
1.041438 2529.526368
1.044580 2529.208563
1.047721 2528.900604
1.050863 2528.602603
1.054004 2528.315056
1.057146 2528.038088
1.060288 2527.772097
1.063429 2527.517472
1.066571 2527.274357
1.069712 2527.043214
1.072854 2526.824202
1.075995 2526.617769
1.079137 2526.424089
1.082279 2526.243538
1.085420 2526.076473
1.088562 2525.923096
1.091703 2525.783811
1.094845 2525.658837
1.097987 2525.548527
1.101128 2525.453217
1.104270 2525.373152
1.107411 2525.308691
1.110553 2525.260101
1.113695 2525.227710
1.116836 2525.211725
1.119978 2525.211700
1.123119 2525.226953
1.126261 2525.256815
1.129403 2525.300601
1.132544 2525.357609
1.135686 2525.427196
1.138827 2525.508636
1.141969 2525.601300
1.145111 2525.704483
1.148252 2525.817466
1.151394 2525.939640
1.154535 2526.070247
1.157677 2526.208689
1.160818 2526.354197
1.163960 2526.506182
1.167102 2526.663920
1.170243 2526.826674
1.173385 2526.993869
1.176526 2527.164718
1.179668 2527.338647
1.182810 2527.514922
1.185951 2527.692805
1.189093 2527.871729
1.192234 2528.050898
1.195376 2528.229746
1.198518 2528.407535
1.201659 2528.583528
1.204801 2528.757155
1.207942 2528.927626
1.211084 2529.094369
1.214226 2529.256646
1.217367 2529.413729
1.220509 2529.565035
1.223650 2529.709789
1.226792 2529.847401
1.229934 2529.977143
1.233075 2530.098296
1.236217 2530.210257
1.239358 2530.312274
1.242500 2530.403731
1.245641 2530.483888
1.248783 2530.552117
1.251925 2530.607708
1.255066 2530.649969
1.258208 2530.678246
1.261349 2530.691840
1.264491 2530.690079
1.267633 2530.672275
1.270774 2530.637761
1.273916 2530.585833
1.277057 2530.515845
1.280199 2530.427070
1.283341 2530.318846
1.286482 2530.190538
1.289624 2530.041381
1.292765 2529.870791
1.295907 2529.677977
1.299049 2529.462309
