0.004712 49881.396647
0.007854 47944.818328
0.010996 46068.644014
0.014137 44252.436496
0.017279 42494.033499
0.020420 40793.548916
0.023562 39148.894158
0.026704 37559.613597
0.029845 36025.181115
0.032987 34543.613854
0.036128 33114.849493
0.039270 31736.972455
0.042412 30409.439807
0.045553 29131.644524
0.048695 27901.767161
0.051836 26719.585184
0.054978 25583.340028
0.058119 24492.749559
0.061261 23446.113532
0.064403 22442.780226
0.067544 21482.042798
0.070686 20562.283683
0.073827 19683.082948
0.076969 18842.874948
0.080111 18040.939860
0.083252 17276.509143
0.086394 16548.090231
0.089535 15855.141393
0.092677 15196.215578
0.095819 14570.532868
0.098960 13977.271027
0.102102 13415.046477
0.105243 12883.211700
0.108385 12380.422232
0.111527 11905.846061
0.114668 11458.615258
0.117810 11037.439231
0.120951 10641.580678
0.124093 10269.781718
0.127235 9921.166245
0.130376 9594.828645
0.133518 9289.555301
0.136659 9004.535136
0.139801 8738.580843
0.142942 8490.856316
0.146084 8260.197995
0.149226 8045.681495
0.152367 7846.361881
0.155509 7661.106416
0.158650 7489.027625
0.161792 7329.010116
0.164934 7180.104620
0.168075 7041.347721
0.171217 6911.645244
0.174358 6790.074354
0.177500 6675.551818
0.180642 6567.111486
0.183783 6463.779465
0.186925 6364.484136
0.190066 6268.283783
0.193208 6174.352541
0.196350 6082.588386
0.199491 5992.988811
0.202633 5905.466077
0.205774 5820.045221
0.208916 5736.641162
0.212058 5655.250731
0.215199 5575.868190
0.218341 5498.412307
0.221482 5422.901710
0.224624 5349.257630
0.227765 5277.496271
0.230907 5207.541249
0.234049 5139.385012
0.237190 5073.017714
0.240332 5008.366407
0.243473 4945.441572
0.246615 4884.172452
0.249757 4824.548655
0.252898 4766.557694
0.256040 4710.131956
0.259181 4655.276683
0.262323 4601.926259
0.265465 4550.067698
0.268606 4499.686114
0.271748 4450.718739
0.274889 4403.166068
0.278031 4356.967135
0.281173 4312.106604
0.284314 4268.567436
0.287456 4226.291219
0.290597 4185.274189
0.293739 4145.459542
0.296881 4106.829836
0.300022 4069.366122
0.303164 4033.013858
0.306305 3997.765509
0.309447 3963.567942
0.312588 3930.412250
0.315730 3898.246636
0.318872 3867.051119
0.322013 3836.804489
0.325155 3807.456797
0.328296 3778.996051
0.331438 3751.373439
0.334580 3724.567465
0.337721 3698.555593
0.340863 3673.290572
0.344004 3648.757809
0.347146 3624.910995
0.350288 3601.727358
0.353429 3579.183283
0.356571 3557.233727
0.359712 3535.861987
0.362854 3515.023765
0.365996 3494.695261
0.369137 3474.852023
0.372279 3455.450726
0.375420 3436.473144
0.378562 3417.885067
0.381704 3399.685387
0.384845 3381.874017
0.387987 3364.433922
0.391128 3347.370510
0.394270 3330.667222
0.397411 3314.328997
0.400553 3298.339738
0.403695 3282.699007
0.406836 3267.405922
0.409978 3252.445051
0.413119 3237.820225
0.416261 3223.516436
0.419403 3209.532697
0.422544 3195.867613
0.425686 3182.506788
0.428827 3169.453033
0.431969 3156.692344
0.435111 3144.223226
0.438252 3132.043816
0.441394 3120.140665
0.444535 3108.515657
0.447677 3097.155695
0.450819 3086.058827
0.453960 3075.222766
0.457102 3064.634917
0.460243 3054.296329
0.463385 3044.194723
0.466527 3034.327733
0.469668 3024.692694
0.472810 3015.277777
0.475951 3006.083283
0.479093 2997.097661
0.482234 2988.320940
0.485376 2979.741835
0.488518 2971.357478
0.491659 2963.164751
0.494801 2955.152743
0.497942 2947.320860
0.501084 2939.658422
0.504226 2932.162254
0.507367 2924.828968
0.510509 2917.648202
0.513650 2910.618832
0.516792 2903.730689
0.519934 2896.980338
0.523075 2890.364167
0.526217 2883.872271
0.529358 2877.503088
0.532500 2871.246868
0.535642 2865.099962
0.538783 2859.058581
0.541925 2853.113184
0.545066 2847.261861
0.548208 2841.495194
0.551350 2835.809362
0.554491 2830.200444
0.557633 2824.659174
0.560774 2819.183459
0.563916 2813.766629
0.567057 2808.411883
0.570199 2803.115734
0.573341 2797.879825
0.576482 2792.705716
0.579624 2787.590040
0.582765 2782.535977
0.585907 2777.540234
0.589049 2772.604356
0.592190 2767.729811
0.595332 2762.913419
0.598473 2758.158171
0.601615 2753.460966
0.604757 2748.823252
0.607898 2744.246401
0.611040 2739.727424
0.614181 2735.269125
0.617323 2730.868588
0.620465 2726.527168
0.623606 2722.246143
0.626748 2718.022714
0.629889 2713.859493
0.633031 2709.753756
0.636173 2705.706761
0.639314 2701.719695
0.642456 2697.789944
0.645597 2693.919935
0.648739 2690.107128
0.651880 2686.353876
0.655022 2682.657715
0.658164 2679.019773
0.661305 2675.441107
0.664447 2671.919362
0.667588 2668.456706
0.670730 2665.050859
0.673872 2661.702858
0.677013 2658.413666
0.680155 2655.181114
0.683296 2652.007186
0.686438 2648.889784
0.689580 2645.829855
0.692721 2642.828270
0.695863 2639.883043
0.699004 2636.995973
0.702146 2634.165149
0.705288 2631.391423
0.708429 2628.675576
0.711571 2626.015804
0.714712 2623.413726
0.717854 2620.867610
0.720996 2618.378218
0.724137 2615.946242
0.727279 2613.570057
0.730420 2611.251101
0.733562 2608.987825
0.736703 2606.781592
0.739845 2604.630924
0.742987 2602.536457
0.746128 2600.498728
0.749270 2598.515857
0.752411 2596.588126
0.755553 2594.713317
0.758695 2592.891058
0.761836 2591.120914
0.764978 2589.400765
0.768119 2587.730714
0.771261 2586.108706
0.774403 2584.534289
0.777544 2583.006948
0.780686 2581.524720
0.783827 2580.087556
0.786969 2578.693549
0.790111 2577.342171
0.793252 2576.032841
0.796394 2574.763733
0.799535 2573.534663
0.802677 2572.343856
0.805819 2571.190717
0.808960 2570.074605
0.812102 2568.993816
0.815243 2567.948046
0.818385 2566.935638
0.821526 2565.956244
0.824668 2565.008249
0.827810 2564.090978
0.830951 2563.203716
0.834093 2562.344906
0.837234 2561.514103
0.840376 2560.709786
0.843518 2559.931232
0.846659 2559.177684
0.849801 2558.447671
0.852942 2557.740666
0.856084 2557.055226
0.859226 2556.390588
0.862367 2555.745962
0.865509 2555.119945
0.868650 2554.511944
0.871792 2553.920580
0.874934 2553.345057
0.878075 2552.784559
0.881217 2552.237737
0.884358 2551.703948
0.887500 2551.181859
0.890642 2550.670650
0.893783 2550.169488
0.896925 2549.677060
0.900066 2549.192689
0.903208 2548.715074
0.906349 2548.243528
0.909491 2547.776758
0.912633 2547.313924
0.915774 2546.854178
0.918916 2546.396236
0.922057 2545.939399
0.925199 2545.482382
0.928341 2545.024340
0.931482 2544.564507
0.934624 2544.102468
0.937765 2543.638843
0.940907 2543.173669
0.944049 2542.707423
0.947190 2542.240587
0.950332 2541.773193
0.953473 2541.305870
0.956615 2540.838653
0.959757 2540.372020
0.962898 2539.906452
0.966040 2539.441983
0.969181 2538.979240
0.972323 2538.518259
0.975465 2538.059519
0.978606 2537.603497
0.981748 2537.150232
0.984889 2536.700345
0.988031 2536.253881
0.991172 2535.811454
0.994314 2535.373114
0.997456 2534.939334
1.000597 2534.510581
1.003739 2534.086913
1.006880 2533.668931
1.010022 2533.256699
1.013164 2532.850683
1.016305 2532.451341
1.019447 2532.058749
1.022588 2531.673488
1.025730 2531.295644
1.028872 2530.925673
1.032013 2530.564018
1.035155 2530.210782
1.038296 2529.866520
1.041438 2529.531344
1.044580 2529.205696
1.047721 2528.890007
1.050863 2528.584406
1.054004 2528.289420
1.057146 2528.005192
1.060288 2527.732148
1.063429 2527.470701
1.066571 2527.221016
1.069712 2526.983583
1.072854 2526.758582
1.075995 2526.546487
1.079137 2526.347494
1.082279 2526.162004
1.085420 2525.990401
1.088562 2525.832907
1.091703 2525.689953
1.094845 2525.561780
1.097987 2525.448765
1.101128 2525.351270
1.104270 2525.269563
1.107411 2525.204027
1.110553 2525.154952
1.113695 2525.122693
1.116836 2525.107472
1.119978 2525.108825
1.123119 2525.126036
1.126261 2525.158402
1.129403 2525.205204
1.132544 2525.265705
1.135686 2525.339230
1.138827 2525.425018
1.141969 2525.522406
1.145111 2525.630657
1.148252 2525.749014
1.151394 2525.876838
1.154535 2526.013335
1.157677 2526.157874
1.160818 2526.309650
1.163960 2526.468045
1.167102 2526.632297
1.170243 2526.801634
1.173385 2526.975452
1.176526 2527.152923
1.179668 2527.333447
1.182810 2527.516252
1.185951 2527.700565
1.189093 2527.885787
1.192234 2528.071087
1.195376 2528.255867
1.198518 2528.439353
1.201659 2528.620773
1.204801 2528.799528
1.207942 2528.974788
1.211084 2529.145952
1.214226 2529.312246
1.217367 2529.472907
1.220509 2529.627321
1.223650 2529.774675
1.226792 2529.914349
1.229934 2530.045579
1.233075 2530.167613
1.236217 2530.279814
1.239358 2530.381395
1.242500 2530.471707
1.245641 2530.549977
1.248783 2530.615540
1.251925 2530.667654
1.255066 2530.705595
1.258208 2530.728672
1.261349 2530.736155
1.264491 2530.727334
1.267633 2530.701490
1.270774 2530.657923
1.273916 2530.595892
1.277057 2530.514721
1.280199 2530.413644
1.283341 2530.291968
1.286482 2530.149027
1.289624 2529.984015
1.292765 2529.796323
1.295907 2529.585116
1.299049 2529.349735
