0.004712 49267.705734
0.007854 47359.984216
0.010996 45511.751490
0.014137 43722.576843
0.017279 41990.330175
0.020420 40315.123683
0.023562 38694.899831
0.026704 37129.209772
0.029845 35617.535235
0.032987 34157.922814
0.036128 32750.311164
0.039270 31392.813140
0.042412 30084.893909
0.045553 28825.955526
0.048695 27614.205513
0.051836 26449.424751
0.054978 25329.880714
0.058119 24255.295591
0.061261 23223.994288
0.064403 22235.334843
0.067544 21288.621013
0.070686 20382.259123
0.073827 19515.835666
0.076969 18687.808090
0.080111 17897.467375
0.083252 17144.056521
0.086394 16426.104941
0.089535 15743.079193
0.092677 15093.553506
0.095819 14476.759680
0.098960 13891.887848
0.102102 13337.574737
0.105243 12813.182745
0.108385 12317.387106
0.111527 11849.368330
0.114668 11408.271565
0.117810 10992.825084
0.120951 10602.302891
0.124093 10235.465462
0.127235 9891.449897
0.130376 9569.364243
0.133518 9268.012552
0.136659 8986.596203
0.139801 8723.945144
0.142942 8479.236120
0.146084 8251.322452
0.149226 8039.293712
0.152367 7842.219253
0.155509 7658.982725
0.158650 7488.710323
0.161792 7330.302765
0.164934 7182.825137
0.168075 7045.328611
0.171217 6916.734775
0.174358 6796.135040
0.177500 6682.461754
0.180642 6574.763398
0.183783 6472.080850
0.186925 6373.357866
0.190066 6277.667310
0.193208 6184.195215
0.196350 6092.842088
0.199491 6003.606578
0.202633 5916.402443
0.205774 5831.255779
0.208916 5748.082947
0.212058 5666.881945
0.215199 5587.648262
0.218341 5510.302022
0.221482 5434.863049
0.224624 5361.253884
0.227765 5289.491971
0.230907 5219.502193
0.234049 5151.278254
0.237190 5084.811610
0.240332 5020.030516
0.243473 4956.946797
0.246615 4895.490861
0.249757 4835.653626
0.252898 4777.423949
0.256040 4720.735330
0.259181 4665.594443
0.262323 4611.936753
0.265465 4559.750626
0.268606 4509.022555
0.271748 4459.690816
0.274889 4411.757398
0.278031 4365.162359
0.281173 4319.891744
0.284314 4275.929917
0.287456 4233.219461
0.290597 4191.758152
0.293739 4151.490166
0.296881 4112.399468
0.300022 4074.468522
0.303164 4037.643754
0.306305 4001.919191
0.309447 3967.242664
0.312588 3933.606834
0.315730 3900.960861
0.318872 3869.286183
0.322013 3838.563005
0.325155 3808.742341
0.328296 3779.813760
0.331438 3751.729420
0.334580 3724.469238
0.337721 3698.012083
0.340863 3672.311684
0.344004 3647.354991
0.347146 3623.096689
0.350288 3599.515406
0.353429 3576.588912
0.356571 3554.273184
0.359712 3532.553016
0.362854 3511.385155
0.365996 3490.747176
0.369137 3470.615981
0.372279 3450.949328
0.375420 3431.730414
0.378562 3412.925487
0.381704 3394.532992
0.384845 3376.552251
0.387987 3358.965478
0.391128 3341.777532
0.394270 3324.971131
0.397411 3308.550640
0.400553 3292.499265
0.403695 3276.815955
0.406836 3261.499190
0.409978 3246.532880
0.413119 3231.920218
0.416261 3217.645560
0.419403 3203.707277
0.422544 3190.103307
0.425686 3176.818652
0.428827 3163.855432
0.431969 3151.199057
0.435111 3138.847364
0.438252 3126.797803
0.441394 3115.036366
0.444535 3103.564203
0.447677 3092.367673
0.450819 3081.444134
0.453960 3070.790597
0.457102 3060.393941
0.460243 3050.254449
0.463385 3040.359328
0.466527 3030.705507
0.469668 3021.289607
0.472810 3012.099296
0.475951 3003.134090
0.479093 2994.381941
0.482234 2985.842087
0.485376 2977.502753
0.488518 2969.360351
0.491659 2961.411044
0.494801 2953.643432
0.497942 2946.056125
0.501084 2938.637954
0.504226 2931.385025
0.507367 2924.293230
0.510509 2917.351718
0.513650 2910.558572
0.516792 2903.903129
0.519934 2897.381236
0.523075 2890.988569
0.526217 2884.714720
0.529358 2878.557349
0.532500 2872.506197
0.535642 2866.556903
0.538783 2860.704978
0.541925 2854.940356
0.545066 2849.260374
0.548208 2843.655077
0.551350 2838.119947
0.554491 2832.650377
0.557633 2827.236546
0.560774 2821.875654
0.563916 2816.560897
0.567057 2811.295722
0.570199 2806.077042
0.573341 2800.906808
0.576482 2795.786910
0.579624 2790.714354
0.582765 2785.692637
0.585907 2780.718828
0.589049 2775.794800
0.592190 2770.922364
0.595332 2766.098684
0.598473 2761.327099
0.601615 2756.604835
0.604757 2751.933689
0.607898 2747.315388
0.611040 2742.747260
0.614181 2738.232478
0.617323 2733.768436
0.620465 2729.356846
0.623606 2724.999354
0.626748 2720.693452
0.629889 2716.442148
0.633031 2712.243002
0.636173 2708.097644
0.639314 2704.007633
0.642456 2699.970633
0.645597 2695.989479
0.648739 2692.061905
0.651880 2688.190677
0.655022 2684.373597
0.658164 2680.612174
0.661305 2676.907844
0.664447 2673.258517
0.667588 2669.666782
0.670730 2666.130619
0.673872 2662.651447
0.677013 2659.230615
0.680155 2655.866209
0.683296 2652.560640
0.686438 2649.312069
0.689580 2646.121825
0.692721 2642.991162
0.695863 2639.918354
0.699004 2636.905624
0.702146 2633.951320
0.705288 2631.056678
0.708429 2628.222859
0.711571 2625.448323
0.714712 2622.735105
0.717854 2620.081744
0.720996 2617.489379
0.724137 2614.959076
0.727279 2612.489488
0.730420 2610.082455
0.733562 2607.736711
0.736703 2605.454017
0.739845 2603.233185
0.742987 2601.075220
0.746128 2598.981000
0.749270 2596.948654
0.752411 2594.978307
0.755553 2593.067516
0.758695 2591.215730
0.761836 2589.422324
0.764978 2587.684967
0.768119 2586.003578
0.771261 2584.375899
0.774403 2582.801286
0.777544 2581.279027
0.780686 2579.806965
0.783827 2578.384849
0.786969 2577.010587
0.790111 2575.683451
0.793252 2574.402653
0.796394 2573.166190
0.799535 2571.973662
0.802677 2570.823122
0.805819 2569.713767
0.808960 2568.644745
0.812102 2567.614187
0.815243 2566.621561
0.818385 2565.665047
0.821526 2564.744067
0.824668 2563.856847
0.827810 2563.002498
0.830951 2562.180088
0.834093 2561.387906
0.837234 2560.625269
0.840376 2559.890503
0.843518 2559.182668
0.846659 2558.500788
0.849801 2557.843243
0.852942 2557.209262
0.856084 2556.597255
0.859226 2556.006239
0.862367 2555.435204
0.865509 2554.882600
0.868650 2554.347590
0.871792 2553.828647
0.874934 2553.324755
0.878075 2552.834879
0.881217 2552.357521
0.884358 2551.891797
0.887500 2551.436222
0.890642 2550.989759
0.893783 2550.551357
0.896925 2550.119550
0.900066 2549.693426
0.903208 2549.271525
0.906349 2548.852928
0.909491 2548.436181
0.912633 2548.020230
0.915774 2547.604020
0.918916 2547.186097
0.922057 2546.765541
0.925199 2546.340895
0.928341 2545.911105
0.931482 2545.475223
0.934624 2545.032873
0.937765 2544.584795
0.940907 2544.131172
0.944049 2543.672612
0.947190 2543.209731
0.950332 2542.742701
0.953473 2542.272286
0.956615 2541.798654
0.959757 2541.322421
0.962898 2540.844207
0.966040 2540.364175
0.969181 2539.883096
0.972323 2539.401132
0.975465 2538.918902
0.978606 2538.437028
0.981748 2537.955669
0.984889 2537.475599
0.988031 2536.996978
0.991172 2536.520580
0.994314 2536.046567
0.997456 2535.575558
1.000597 2535.108169
1.003739 2534.644570
1.006880 2534.185522
1.010022 2533.731200
1.013164 2533.282218
1.016305 2532.839184
1.019447 2532.402281
1.022588 2531.972256
1.025730 2531.549302
1.028872 2531.134023
1.032013 2530.727016
1.035155 2530.328487
1.038296 2529.939158
1.041438 2529.559248
1.044580 2529.189349
1.047721 2528.830041
1.050863 2528.481563
1.054004 2528.144603
1.057146 2527.819413
1.060288 2527.506570
1.063429 2527.206635
1.066571 2526.919883
1.069712 2526.646965
1.072854 2526.388172
1.075995 2526.144137
1.079137 2525.915172
1.082279 2525.701824
1.085420 2525.504619
1.088562 2525.323900
1.091703 2525.160249
1.094845 2525.014027
1.097987 2524.885758
1.101128 2524.775941
1.104270 2524.684972
1.107411 2524.613377
1.110553 2524.561576
1.113695 2524.530063
1.116836 2524.519161
1.119978 2524.528297
1.123119 2524.556560
1.126261 2524.603060
1.129403 2524.666886
1.132544 2524.747103
1.135686 2524.842856
1.138827 2524.953177
1.141969 2525.077232
1.145111 2525.214079
1.148252 2525.362764
1.151394 2525.522475
1.154535 2525.692205
1.157677 2525.871155
1.160818 2526.058304
1.163960 2526.252867
1.167102 2526.453879
1.170243 2526.660365
1.173385 2526.871551
1.176526 2527.086398
1.179668 2527.304135
1.182810 2527.523788
1.185951 2527.744379
1.189093 2527.965145
1.192234 2528.185037
1.195376 2528.403289
1.198518 2528.618925
1.201659 2528.830971
1.204801 2529.038657
1.207942 2529.240943
1.211084 2529.437052
1.214226 2529.626013
1.217367 2529.806863
1.220509 2529.978810
1.223650 2530.140839
1.226792 2530.292147
1.229934 2530.431775
1.233075 2530.558776
1.236217 2530.672327
1.239358 2530.771448
1.242500 2530.855296
1.245641 2530.922913
1.248783 2530.973434
1.251925 2531.005930
1.255066 2531.019492
1.258208 2531.013222
1.261349 2530.986219
1.264491 2530.937560
1.267633 2530.866342
1.270774 2530.771693
1.273916 2530.652647
1.277057 2530.508373
1.280199 2530.337874
1.283341 2530.140284
1.286482 2529.914774
1.289624 2529.660293
1.292765 2529.376098
1.295907 2529.061100
1.299049 2528.714480
