0.004712 49574.560056
0.007854 47651.498358
0.010996 45788.439119
0.014137 43984.947358
0.017279 42238.875109
0.020420 40550.334627
0.023562 38917.251140
0.026704 37339.171371
0.029845 35815.572025
0.032987 34344.483356
0.036128 32925.842579
0.039270 31557.746780
0.042412 30239.655959
0.045553 28970.966459
0.048695 27749.870847
0.051836 26576.147207
0.054978 25448.048574
0.058119 24365.293838
0.061261 23326.193955
0.064403 22330.100876
0.067544 21376.311805
0.070686 20463.219815
0.073827 19590.406937
0.076969 18756.317807
0.080111 17960.236740
0.083252 17201.399667
0.086394 16478.323798
0.089535 15790.470210
0.092677 15136.401309
0.095819 14515.341730
0.098960 13926.474088
0.102102 13368.423817
0.105243 12840.546949
0.108385 12341.507756
0.111527 11870.479143
0.114668 11426.598362
0.117810 11008.583166
0.120951 10615.700451
0.124093 10246.700442
0.127235 9900.712273
0.130376 9576.835784
0.133518 9273.865140
0.136659 8990.994008
0.139801 8727.042661
0.142942 8481.179928
0.146084 8252.249648
0.149226 8039.333034
0.152367 7841.490916
0.155509 7657.597708
0.158650 7486.771279
0.161792 7327.903248
0.164934 7180.050142
0.168075 7042.254468
0.171217 6913.428877
0.174358 6792.656184
0.177500 6678.859879
0.180642 6571.079758
0.183783 6468.347960
0.186925 6369.599463
0.190066 6273.898408
0.193208 6180.424182
0.196350 6089.076180
0.199491 5999.852821
0.202633 5912.667648
0.205774 5827.546522
0.208916 5744.405595
0.212058 5663.242637
0.215199 5584.052897
0.218341 5506.756304
0.221482 5431.372427
0.224624 5357.823618
0.227765 5286.127059
0.230907 5216.207453
0.234049 5148.058258
0.237190 5081.670683
0.240332 5016.972809
0.243473 4953.976185
0.246615 4892.611049
0.249757 4832.868071
0.252898 4774.735852
0.256040 4718.147731
0.259181 4663.110093
0.262323 4609.558247
0.265465 4557.480303
0.268606 4506.862494
0.271748 4457.642943
0.274889 4409.823346
0.278031 4363.343607
0.281173 4318.189514
0.284314 4274.345168
0.287456 4231.753006
0.290597 4190.410503
0.293739 4150.261688
0.296881 4111.290265
0.300022 4073.478436
0.303164 4036.772479
0.306305 4001.166124
0.309447 3966.607052
0.312588 3933.087626
0.315730 3900.556857
0.318872 3868.995924
0.322013 3838.384770
0.325155 3808.674258
0.328296 3779.853665
0.331438 3751.874992
0.334580 3724.717900
0.337721 3698.361002
0.340863 3672.757867
0.344004 3647.895160
0.347146 3623.727402
0.350288 3600.232969
0.353429 3577.389379
0.356571 3555.152440
0.359712 3533.506672
0.362854 3512.408646
0.365996 3491.835689
0.369137 3471.764462
0.372279 3452.152536
0.375420 3432.982853
0.378562 3414.221595
0.381704 3395.867318
0.384845 3377.919482
0.387987 3360.360471
0.391128 3343.195274
0.394270 3326.406774
0.397411 3309.999471
0.400553 3293.956729
0.403695 3278.277640
0.406836 3262.960835
0.409978 3247.990371
0.413119 3233.369593
0.416261 3219.083001
0.419403 3205.129115
0.422544 3191.506029
0.425686 3178.198882
0.428827 3165.209956
0.431969 3152.524794
0.435111 3140.141389
0.438252 3128.057352
0.441394 3116.258799
0.444535 3104.747055
0.447677 3093.508602
0.450819 3082.540957
0.453960 3071.841297
0.457102 3061.396619
0.460243 3051.207385
0.463385 3041.260919
0.466527 3031.554314
0.469668 3022.084359
0.472810 3012.838834
0.475951 3003.817439
0.479093 2995.008240
0.482234 2986.410659
0.485376 2978.013033
0.488518 2969.811940
0.491659 2961.803712
0.494801 2953.977060
0.497942 2946.330779
0.501084 2938.853812
0.504226 2931.542432
0.507367 2924.392699
0.510509 2917.393872
0.513650 2910.544220
0.516792 2903.833192
0.519934 2897.256803
0.523075 2890.810894
0.526217 2884.485171
0.529358 2878.277476
0.532500 2872.177667
0.535642 2866.181548
0.538783 2860.284791
0.541925 2854.477453
0.545066 2848.757043
0.548208 2843.113732
0.551350 2837.543162
0.554491 2832.040885
0.557633 2826.597210
0.560774 2821.209498
0.563916 2815.870976
0.567057 2810.585030
0.570199 2805.348478
0.573341 2800.163196
0.576482 2795.030994
0.579624 2789.948790
0.582765 2784.920003
0.585907 2779.941615
0.589049 2775.015422
0.592190 2770.143151
0.595332 2765.321884
0.598473 2760.554874
0.601615 2755.839272
0.604757 2751.176787
0.607898 2746.569064
0.611040 2742.013353
0.614181 2737.512739
0.617323 2733.064541
0.620465 2728.670385
0.623606 2724.331829
0.626748 2720.046294
0.629889 2715.816694
0.633031 2711.640520
0.636173 2707.519312
0.639314 2703.454540
0.642456 2699.443801
0.645597 2695.489833
0.648739 2691.590302
0.651880 2687.747876
0.655022 2683.960292
0.658164 2680.228969
0.661305 2676.555251
0.664447 2672.936983
0.667588 2669.376654
0.670730 2665.872182
0.673872 2662.424893
0.677013 2659.036043
0.680155 2655.703658
0.683296 2652.430045
0.686438 2649.213303
0.689580 2646.054669
0.692721 2642.955305
0.695863 2639.913422
0.699004 2636.931142
0.702146 2634.006751
0.705288 2631.141391
0.708429 2628.336131
0.711571 2625.589371
0.714712 2622.903042
0.717854 2620.275620
0.720996 2617.708154
0.724137 2615.201617
0.727279 2612.754598
0.730420 2610.368840
0.733562 2608.043007
0.736703 2605.778765
0.739845 2603.574858
0.742987 2601.432200
0.746128 2599.351588
0.749270 2597.331149
0.752411 2595.371046
0.755553 2593.468890
0.758695 2591.624175
0.761836 2589.836321
0.764978 2588.103048
0.768119 2586.424321
0.771261 2584.797930
0.774403 2583.223277
0.777544 2581.699699
0.780686 2580.225086
0.783827 2578.799237
0.786969 2577.420102
0.790111 2576.087005
0.793252 2574.799205
0.796394 2573.554745
0.799535 2572.353275
0.802677 2571.192891
0.805819 2570.072840
0.808960 2568.992322
0.812102 2567.949506
0.815243 2566.943918
0.818385 2565.973776
0.821526 2565.038559
0.824668 2564.136530
0.827810 2563.266852
0.830951 2562.428647
0.834093 2561.620241
0.837234 2560.841008
0.840376 2560.089312
0.843518 2559.364265
0.846659 2558.664945
0.849801 2557.989767
0.852942 2557.338020
0.856084 2556.708150
0.859226 2556.099227
0.862367 2555.510294
0.865509 2554.939836
0.868650 2554.387078
0.871792 2553.850526
0.874934 2553.329219
0.878075 2552.822175
0.881217 2552.327931
0.884358 2551.845663
0.887500 2551.373922
0.890642 2550.911723
0.893783 2550.458070
0.896925 2550.011533
0.900066 2549.571256
0.903208 2549.135819
0.906349 2548.704360
0.909491 2548.275462
0.912633 2547.848124
0.915774 2547.421341
0.918916 2546.993701
0.922057 2546.564336
0.925199 2546.131832
0.928341 2545.695186
0.931482 2545.253494
0.934624 2544.806370
0.937765 2544.354525
0.940907 2543.898106
0.944049 2543.437690
0.947190 2542.973860
0.950332 2542.506754
0.953473 2542.037103
0.956615 2541.565043
0.959757 2541.091157
0.962898 2540.616030
0.966040 2540.139793
0.969181 2539.663184
0.972323 2539.186333
0.975465 2538.709826
0.978606 2538.234249
0.981748 2537.759732
0.984889 2537.287011
0.988031 2536.816220
0.991172 2536.348092
0.994314 2535.882763
0.997456 2535.420816
1.000597 2534.962831
1.003739 2534.508950
1.006880 2534.059896
1.010022 2533.615817
1.013164 2533.177290
1.016305 2532.744888
1.019447 2532.318768
1.022588 2531.899635
1.025730 2531.487656
1.028872 2531.083401
1.032013 2530.687428
1.035155 2530.299919
1.038296 2529.921554
1.041438 2529.552527
1.044580 2529.193393
1.047721 2528.844697
1.050863 2528.506649
1.054004 2528.179900
1.057146 2527.864674
1.060288 2527.561512
1.063429 2527.270939
1.066571 2526.993203
1.069712 2526.728916
1.072854 2526.478342
1.075995 2526.242076
1.079137 2526.020401
1.082279 2525.813827
1.085420 2525.622849
1.088562 2525.447778
1.091703 2525.289159
1.094845 2525.147326
1.097987 2525.022766
1.101128 2524.915944
1.104270 2524.827226
1.107411 2524.757102
1.110553 2524.705962
1.113695 2524.674265
1.116836 2524.662311
1.119978 2524.669551
1.123119 2524.695122
1.126261 2524.738182
1.129403 2524.797864
1.132544 2524.873283
1.135686 2524.963626
1.138827 2525.067977
1.141969 2525.185542
1.145111 2525.315430
1.148252 2525.456735
1.151394 2525.608687
1.154535 2525.770330
1.157677 2525.940907
1.160818 2526.119449
1.163960 2526.305212
1.167102 2526.497279
1.170243 2526.694726
1.173385 2526.896820
1.176526 2527.102573
1.179668 2527.311255
1.182810 2527.521943
1.185951 2527.733708
1.189093 2527.945825
1.192234 2528.157301
1.195376 2528.367409
1.198518 2528.575223
1.201659 2528.779818
1.204801 2528.980465
1.207942 2529.176176
1.211084 2529.366216
1.214226 2529.549663
1.217367 2529.725601
1.220509 2529.893282
1.223650 2530.051742
1.226792 2530.200220
1.229934 2530.337805
1.233075 2530.463598
1.236217 2530.576821
1.239358 2530.676541
1.242500 2530.761963
1.245641 2530.832172
1.248783 2530.886354
1.251925 2530.923623
1.255066 2530.943117
1.258208 2530.943989
1.261349 2530.925377
1.264491 2530.886411
1.267633 2530.826233
1.270774 2530.744014
1.273916 2530.638840
1.277057 2530.509920
1.280199 2530.356312
1.283341 2530.177193
1.286482 2529.971773
1.289624 2529.739061
1.292765 2529.478346
1.295907 2529.188602
1.299049 2528.869047
