0.004712 49154.854655
0.007854 47252.967127
0.010996 45410.367657
0.014137 43626.627320
0.017279 41899.622957
0.020420 40229.466912
0.023562 38614.108351
0.026704 37053.100272
0.029845 35545.926485
0.032987 34090.639934
0.036128 32687.180002
0.039270 31333.665673
0.042412 30029.564249
0.045553 28774.280134
0.048695 27566.026659
0.051836 26404.585962
0.054978 25288.231130
0.058119 24216.685802
0.061261 23188.280306
0.064403 22202.375172
0.067544 21258.276831
0.070686 20354.396760
0.073827 19490.323352
0.076969 18664.519037
0.080111 17876.277510
0.083252 17124.844647
0.086394 16408.754603
0.089535 15727.476235
0.092677 15079.588367
0.095819 14464.325712
0.098960 13880.881448
0.102102 13327.896696
0.105243 12804.736490
0.108385 12310.080334
0.111527 11843.111815
0.114668 11402.979272
0.117810 10988.415077
0.120951 10598.696154
0.124093 10232.586976
0.127235 9889.227859
0.130376 9567.730158
0.133518 9266.901784
0.136659 8985.947267
0.139801 8723.700331
0.142942 8479.340947
0.146084 8251.726143
0.149226 8039.948857
0.152367 7843.081866
0.155509 7660.012437
0.158650 7489.870143
0.161792 7331.559266
0.164934 7184.148332
0.168075 7046.691989
0.171217 6918.115333
0.174358 6797.513249
0.177500 6683.821566
0.180642 6576.092249
0.183783 6473.369675
0.186925 6374.601057
0.190066 6278.862770
0.193208 6185.343438
0.196350 6093.943946
0.199491 6004.662953
0.202633 5917.414184
0.205774 5832.223759
0.208916 5749.008009
0.212058 5667.764941
0.215199 5588.490053
0.218341 5511.103439
0.221482 5435.624946
0.224624 5361.977084
0.227765 5290.177319
0.230907 5220.150505
0.234049 5151.890356
0.237190 5085.388334
0.240332 5020.572669
0.243473 4957.455202
0.246615 4895.966317
0.249757 4836.096939
0.252898 4777.835932
0.256040 4721.116770
0.259181 4665.946143
0.262323 4612.259495
0.265465 4560.045196
0.268606 4509.289744
0.271748 4459.931393
0.274889 4411.972148
0.278031 4365.352043
0.281173 4320.057131
0.284314 4276.071777
0.287456 4233.338545
0.290597 4191.855224
0.293739 4151.565970
0.296881 4112.454752
0.300022 4074.504037
0.303164 4037.660232
0.306305 4001.917375
0.309447 3967.223281
0.312588 3933.570617
0.315730 3900.908530
0.318872 3869.218459
0.322013 3838.480609
0.325155 3808.645981
0.328296 3779.704151
0.331438 3751.607262
0.334580 3724.335233
0.337721 3697.866932
0.340863 3672.156078
0.344004 3647.189622
0.347146 3622.922240
0.350288 3599.332560
0.353429 3576.398349
0.356571 3554.075577
0.359712 3532.349037
0.362854 3511.175469
0.365996 3490.532446
0.369137 3470.396867
0.372279 3450.726484
0.375420 3431.504492
0.378562 3412.697128
0.381704 3394.302823
0.384845 3376.320877
0.387987 3358.733488
0.391128 3341.545495
0.394270 3324.739600
0.397411 3308.320146
0.400553 3292.270324
0.403695 3276.589062
0.406836 3261.274824
0.409978 3246.311501
0.413119 3231.702265
0.416261 3217.431458
0.419403 3203.497430
0.422544 3189.898100
0.425686 3176.618453
0.428827 3163.660590
0.431969 3151.009904
0.435111 3138.664213
0.438252 3126.620946
0.441394 3114.866080
0.444535 3103.400745
0.447677 3092.211283
0.450819 3081.295033
0.453960 3070.648985
0.457102 3060.260004
0.460243 3050.128351
0.463385 3040.241218
0.466527 3030.595513
0.469668 3021.187838
0.472810 3012.005847
0.475951 3003.049031
0.479093 2994.305331
0.482234 2985.773959
0.485376 2977.443129
0.488518 2969.309231
0.491659 2961.368407
0.494801 2953.609244
0.497942 2946.030329
0.501084 2938.620480
0.504226 2931.375779
0.507367 2924.292102
0.510509 2917.358581
0.513650 2910.573276
0.516792 2903.925512
0.519934 2897.411114
0.523075 2891.025738
0.526217 2884.758963
0.529358 2878.608424
0.532500 2872.563849
0.535642 2866.620857
0.538783 2860.774938
0.541925 2855.016013
0.545066 2849.341394
0.548208 2843.741113
0.551350 2838.210632
0.554491 2832.745324
0.557633 2827.335353
0.560774 2821.977896
0.563916 2816.666150
0.567057 2811.403568
0.570199 2806.187077
0.573341 2801.018639
0.576482 2795.900155
0.579624 2790.828644
0.582765 2785.807613
0.585907 2780.834143
0.589049 2775.910120
0.592190 2771.037366
0.595332 2766.213056
0.598473 2761.440540
0.601615 2756.717057
0.604757 2752.044415
0.607898 2747.424353
0.611040 2742.854210
0.614181 2738.337172
0.617323 2733.870643
0.620465 2729.456346
0.623606 2725.095942
0.626748 2720.786931
0.629889 2716.532335
0.633031 2712.329724
0.636173 2708.180739
0.639314 2704.086954
0.642456 2700.046042
0.645597 2696.060851
0.648739 2692.129124
0.651880 2688.253643
0.655022 2684.432216
0.658164 2680.666367
0.661305 2676.957546
0.664447 2673.303669
0.667588 2669.707341
0.670730 2666.166551
0.673872 2662.682731
0.677013 2659.257242
0.680155 2655.888181
0.683296 2652.577971
0.686438 2649.324783
0.689580 2646.129958
0.692721 2642.994765
0.695863 2639.917485
0.699004 2636.900356
0.702146 2633.941736
0.705288 2631.042872
0.708429 2628.204938
0.711571 2625.426406
0.714712 2622.709321
0.717854 2620.052234
0.720996 2617.456297
0.724137 2614.922586
0.727279 2612.449766
0.730420 2610.039690
0.733562 2607.691101
0.736703 2605.405774
0.739845 2603.182532
0.742987 2601.022390
0.746128 2598.926240
0.749270 2596.892209
0.752411 2594.920418
0.755553 2593.008416
0.758695 2591.155646
0.761836 2589.361475
0.764978 2587.623566
0.768119 2585.941830
0.771261 2584.314003
0.774403 2582.739433
0.777544 2581.217402
0.780686 2579.745747
0.783827 2578.324209
0.786969 2576.950688
0.790111 2575.624452
0.793252 2574.344703
0.796394 2573.109434
0.799535 2571.918235
0.802677 2570.769155
0.805819 2569.661383
0.808960 2568.594059
0.812102 2567.565308
0.815243 2566.574591
0.818385 2565.620083
0.821526 2564.701196
0.824668 2563.816151
0.827810 2562.964052
0.830951 2562.143958
0.834093 2561.354154
0.837234 2560.593948
0.840376 2559.861661
0.843518 2559.156345
0.846659 2558.477017
0.849801 2557.822050
0.852942 2557.190667
0.856084 2556.581270
0.859226 2555.992871
0.862367 2555.424450
0.865509 2554.874453
0.868650 2554.342034
0.871792 2553.825660
0.874934 2553.324309
0.878075 2552.836938
0.881217 2552.362042
0.884358 2551.898730
0.887500 2551.445511
0.890642 2551.001341
0.893783 2550.565161
0.896925 2550.135500
0.900066 2549.711437
0.903208 2549.291506
0.906349 2548.874781
0.909491 2548.459803
0.912633 2548.045508
0.915774 2547.630835
0.918916 2547.214325
0.922057 2546.795048
0.925199 2546.371543
0.928341 2545.942748
0.931482 2545.507709
0.934624 2545.066049
0.937765 2544.618515
0.940907 2544.165295
0.944049 2543.707000
0.947190 2543.244252
0.950332 2542.777228
0.953473 2542.306696
0.956615 2541.832830
0.959757 2541.356249
0.962898 2540.877579
0.966040 2540.396988
0.969181 2539.915251
0.972323 2539.432536
0.975465 2538.949466
0.978606 2538.466668
0.981748 2537.984306
0.984889 2537.503159
0.988031 2537.023391
0.991172 2536.545782
0.994314 2536.070497
0.997456 2535.598161
1.000597 2535.129396
1.003739 2534.664374
1.006880 2534.203864
1.010022 2533.748043
1.013164 2533.297532
1.016305 2532.852942
1.019447 2532.414463
1.022588 2531.982845
1.025730 2531.558285
1.028872 2531.141395
1.032013 2530.732774
1.035155 2530.332634
1.038296 2529.941702
1.041438 2529.560201
1.044580 2529.188729
1.047721 2528.827870
1.050863 2528.477867
1.054004 2528.139415
1.057146 2527.812769
1.060288 2527.498512
1.063429 2527.197208
1.066571 2526.909139
1.069712 2526.634960
1.072854 2526.374967
1.075995 2526.129797
1.079137 2525.899767
1.082279 2525.685429
1.085420 2525.487315
1.088562 2525.305772
1.091703 2525.141386
1.094845 2524.994524
1.097987 2524.865714
1.101128 2524.755460
1.104270 2524.664163
1.107411 2524.592353
1.110553 2524.540457
1.113695 2524.508972
1.116836 2524.498225
1.119978 2524.507639
1.123119 2524.536296
1.126261 2524.583300
1.129403 2524.647733
1.132544 2524.728653
1.135686 2524.825197
1.138827 2524.936392
1.141969 2525.061396
1.145111 2525.199261
1.148252 2525.349026
1.151394 2525.509872
1.154535 2525.680784
1.157677 2525.860959
1.160818 2526.049367
1.163960 2526.245217
1.167102 2526.447537
1.170243 2526.655345
1.173385 2526.867861
1.176526 2527.084037
1.179668 2527.303098
1.182810 2527.524062
1.185951 2527.745945
1.189093 2527.967974
1.192234 2528.189097
1.195376 2528.408540
1.198518 2528.625320
1.201659 2528.838456
1.204801 2529.047170
1.207942 2529.250418
1.211084 2529.447414
1.214226 2529.637181
1.217367 2529.818749
1.220509 2529.991320
1.223650 2530.153871
1.226792 2530.305592
1.229934 2530.445518
1.233075 2530.572696
1.236217 2530.686294
1.239358 2530.785328
1.242500 2530.868946
1.245641 2530.936183
1.248783 2530.986169
1.251925 2531.017966
1.255066 2531.030660
1.258208 2531.023346
1.261349 2530.995116
1.264491 2530.945039
1.267633 2530.872206
1.270774 2530.775740
1.273916 2530.654665
1.277057 2530.508146
1.280199 2530.335177
1.283341 2530.134886
1.286482 2529.906438
1.289624 2529.648773
1.292765 2529.361144
1.295907 2529.042454
1.299049 2528.691877
