0.004712 49651.993716
0.007854 47725.259021
0.010996 45858.644232
0.014137 44051.713512
0.017279 42302.314773
0.020420 40610.560456
0.023562 38974.371811
0.026704 37393.294669
0.029845 35866.804706
0.032987 34392.928402
0.036128 32971.602818
0.039270 31600.921396
0.042412 30280.343074
0.045553 29009.263010
0.048695 27785.870315
0.051836 26609.942606
0.054978 25479.729581
0.058119 24394.949545
0.061261 23353.910232
0.064403 22355.962320
0.067544 21400.401629
0.070686 20485.618175
0.073827 19611.193132
0.076969 18775.568179
0.080111 17978.026222
0.083252 17217.801692
0.086394 16493.408982
0.089535 15804.308077
0.092677 15149.058656
0.095819 14526.883829
0.098960 13936.964603
0.102102 13377.923811
0.105243 12849.116185
0.108385 12349.203470
0.111527 11877.356947
0.114668 11432.712167
0.117810 11013.984467
0.120951 10620.439263
0.124093 10250.824428
0.127235 9904.267382
0.130376 9579.866192
0.133518 9276.412757
0.136659 8993.099119
0.139801 8728.743338
0.142942 8482.512569
0.146084 8253.248484
0.149226 8040.030488
0.152367 7841.917558
0.155509 7657.782004
0.158650 7486.739919
0.161792 7327.680850
0.164934 7179.659467
0.168075 7041.716387
0.171217 6912.762235
0.174358 6791.877976
0.177500 6677.985097
0.180642 6570.121500
0.183783 6467.317413
0.186925 6368.505836
0.190066 6272.749018
0.193208 6179.224822
0.196350 6087.832329
0.199491 5998.569824
0.202633 5911.350680
0.205774 5826.200634
0.208916 5743.035677
0.212058 5661.853441
0.215199 5582.649034
0.218341 5505.342233
0.221482 5429.952467
0.224624 5356.401938
0.227765 5284.707687
0.230907 5214.794270
0.234049 5146.655003
0.237190 5080.280943
0.240332 5015.600034
0.243473 4952.623670
0.246615 4891.281959
0.249757 4831.565416
0.252898 4773.462490
0.256040 4716.906392
0.259181 4661.903342
0.262323 4608.388527
0.265465 4556.349899
0.268606 4505.773535
0.271748 4456.597438
0.274889 4408.823131
0.278031 4362.390402
0.281173 4317.284880
0.284314 4273.490505
0.287456 4230.949600
0.290597 4189.659463
0.293739 4149.564011
0.296881 4110.646786
0.300022 4072.889828
0.303164 4036.239305
0.306305 4000.688765
0.309447 3966.185782
0.312588 3932.722536
0.315730 3900.247931
0.318872 3868.742980
0.322013 3838.187466
0.325155 3808.532141
0.328296 3779.766102
0.331438 3751.841240
0.334580 3724.737053
0.337721 3698.431992
0.340863 3672.879516
0.344004 3648.066110
0.347146 3623.946183
0.350288 3600.497950
0.353429 3577.698770
0.356571 3555.504334
0.359712 3533.898989
0.362854 3512.839188
0.365996 3492.302099
0.369137 3472.264228
0.372279 3452.683022
0.375420 3433.541258
0.378562 3414.805069
0.381704 3396.473061
0.384845 3378.544764
0.387987 3361.002648
0.391128 3343.851768
0.394270 3327.075090
0.397411 3310.677182
0.400553 3294.641489
0.403695 3278.967174
0.406836 3263.652942
0.409978 3248.682928
0.413119 3234.060551
0.416261 3219.770384
0.419403 3205.811023
0.422544 3192.180641
0.425686 3178.864444
0.428827 3165.864798
0.431969 3153.167311
0.435111 3140.770057
0.438252 3128.670725
0.441394 3116.855498
0.444535 3105.325785
0.447677 3094.068131
0.450819 3083.080136
0.453960 3072.359056
0.457102 3061.891951
0.460243 3051.679372
0.463385 3041.708704
0.466527 3031.977120
0.469668 3022.481494
0.472810 3013.209664
0.475951 3004.161421
0.479093 2995.324890
0.482234 2986.699585
0.485376 2978.273900
0.488518 2970.044497
0.491659 2962.007792
0.494801 2954.152552
0.497942 2946.477666
0.501084 2938.972134
0.504226 2931.632312
0.507367 2924.454345
0.510509 2917.427549
0.513650 2910.550284
0.516792 2903.812059
0.519934 2897.208970
0.523075 2890.736943
0.526217 2884.385742
0.529358 2878.153300
0.532500 2872.029533
0.535642 2866.010330
0.538783 2860.091444
0.541925 2854.262992
0.545066 2848.522574
0.548208 2842.860419
0.551350 2837.272255
0.554491 2831.753711
0.557633 2826.295161
0.560774 2820.894049
0.563916 2815.543618
0.567057 2810.247224
0.570199 2805.001639
0.573341 2799.808702
0.576482 2794.670187
0.579624 2789.582965
0.582765 2784.550419
0.585907 2779.569491
0.589049 2774.641936
0.592190 2769.769441
0.595332 2764.949048
0.598473 2760.183971
0.601615 2755.471320
0.604757 2750.812766
0.607898 2746.209911
0.611040 2741.659968
0.614181 2737.165979
0.617323 2732.725226
0.620465 2728.339294
0.623606 2724.009698
0.626748 2719.733826
0.629889 2715.514543
0.633031 2711.349309
0.636173 2707.239620
0.639314 2703.186902
0.642456 2699.188721
0.645597 2695.247764
0.648739 2691.361669
0.651880 2687.533053
0.655022 2683.759624
0.658164 2680.042753
0.661305 2676.383743
0.664447 2672.780407
0.667588 2669.235184
0.670730 2665.745962
0.673872 2662.314023
0.677013 2658.940578
0.680155 2655.623622
0.683296 2652.365412
0.686438 2649.164018
0.689580 2646.020631
0.692721 2642.936370
0.695863 2639.909414
0.699004 2636.941836
0.702146 2634.031891
0.705288 2631.180677
0.708429 2628.389219
0.711571 2625.655885
0.714712 2622.982558
0.717854 2620.367682
0.720996 2617.812261
0.724137 2615.317226
0.727279 2612.881133
0.730420 2610.505677
0.733562 2608.189490
0.736703 2605.934192
0.739845 2603.738491
0.742987 2601.603259
0.746128 2599.529254
0.749270 2597.514600
0.752411 2595.559480
0.755553 2593.661532
0.758695 2591.820268
0.761836 2590.035133
0.764978 2588.303870
0.768119 2586.626467
0.771261 2585.000736
0.774403 2583.426103
0.777544 2581.901928
0.780686 2580.426123
0.783827 2578.998509
0.786969 2577.617062
0.790111 2576.281125
0.793252 2574.989985
0.796394 2573.741702
0.799535 2572.535954
0.802677 2571.370855
0.805819 2570.245680
0.808960 2569.159649
0.812102 2568.110953
0.815243 2567.099144
0.818385 2566.122460
0.821526 2565.180406
0.824668 2564.271264
0.827810 2563.394222
0.830951 2562.548426
0.834093 2561.732222
0.837234 2560.945011
0.840376 2560.185175
0.843518 2559.451852
0.846659 2558.744145
0.849801 2558.060486
0.852942 2557.400193
0.856084 2556.761729
0.859226 2556.144189
0.862367 2555.546644
0.865509 2554.967596
0.868650 2554.406295
0.871792 2553.861268
0.874934 2553.331578
0.878075 2552.816270
0.881217 2552.313897
0.884358 2551.823664
0.887500 2551.344139
0.890642 2550.874364
0.893783 2550.413367
0.896925 2549.959736
0.900066 2549.512643
0.903208 2549.070687
0.906349 2548.633031
0.909491 2548.198280
0.912633 2547.765456
0.915774 2547.333578
0.918916 2546.901255
0.922057 2546.467645
0.925199 2546.031354
0.928341 2545.591402
0.931482 2545.146907
0.934624 2544.697479
0.937765 2544.243815
0.940907 2543.786045
0.944049 2543.324730
0.947190 2542.860438
0.950332 2542.393290
0.953473 2541.924001
0.956615 2541.452692
0.959757 2540.979930
0.962898 2540.506283
0.966040 2540.031868
0.969181 2539.557405
0.972323 2539.083010
0.975465 2538.609252
0.978606 2538.136701
0.981748 2537.665472
0.984889 2537.196284
0.988031 2536.729256
0.991172 2536.265104
0.994314 2535.803950
0.997456 2535.346360
1.000597 2534.892896
1.003739 2534.443689
1.006880 2533.999441
1.010022 2533.560288
1.013164 2533.126790
1.016305 2532.699501
1.019447 2532.278566
1.022588 2531.864672
1.025730 2531.457973
1.028872 2531.059020
1.032013 2530.668355
1.035155 2530.286146
1.038296 2529.913056
1.041438 2529.549264
1.044580 2529.195309
1.047721 2528.851717
1.050863 2528.518687
1.054004 2528.196850
1.057146 2527.886418
1.060288 2527.587914
1.063429 2527.301845
1.066571 2527.028447
1.069712 2526.768312
1.072854 2526.521693
1.075995 2526.289165
1.079137 2526.070997
1.082279 2525.867684
1.085420 2525.679702
1.088562 2525.507349
1.091703 2525.351152
1.094845 2525.211431
1.097987 2525.088656
1.101128 2524.983276
1.104270 2524.895642
1.107411 2524.826227
1.110553 2524.775406
1.113695 2524.743622
1.116836 2524.731161
1.119978 2524.737491
1.123119 2524.761769
1.126261 2524.803174
1.129403 2524.860864
1.132544 2524.933975
1.135686 2525.021717
1.138827 2525.123196
1.141969 2525.237641
1.145111 2525.364182
1.148252 2525.501938
1.151394 2525.650158
1.154535 2525.807912
1.157677 2525.974461
1.160818 2526.148864
1.163960 2526.330394
1.167102 2526.518159
1.170243 2526.711259
1.173385 2526.908979
1.176526 2527.110358
1.179668 2527.314686
1.182810 2527.521061
1.185951 2527.728580
1.189093 2527.936538
1.192234 2528.143965
1.195376 2528.350156
1.198518 2528.554207
1.201659 2528.755218
1.204801 2528.952479
1.207942 2529.145027
1.211084 2529.332148
1.214226 2529.512942
1.217367 2529.686517
1.220509 2529.852147
1.223650 2530.008889
1.226792 2530.156005
1.229934 2530.292608
1.233075 2530.417820
1.236217 2530.530885
1.239358 2530.630893
1.242500 2530.717071
1.245641 2530.788527
1.248783 2530.844469
1.251925 2530.884035
1.255066 2530.906382
1.258208 2530.910687
1.261349 2530.896112
1.264491 2530.861808
1.267633 2530.806940
1.270774 2530.730699
1.273916 2530.632198
1.277057 2530.510663
1.280199 2530.365180
1.283341 2530.194945
1.286482 2529.999188
1.289624 2529.776946
1.292765 2529.527525
1.295907 2529.249928
1.299049 2528.943392
