0.004712 49767.722862
0.007854 47835.765175
0.010996 45964.086533
0.014137 44152.250119
0.017279 42398.098205
0.020420 40701.743740
0.023562 39061.102529
0.026704 37475.719373
0.029845 35945.068733
0.032987 34467.171924
0.036128 33041.966047
0.039270 31667.539557
0.042412 30343.350134
0.045553 29068.791503
0.048695 27842.048043
0.051836 26662.896988
0.054978 25529.583467
0.058119 24441.825241
0.061261 23397.925633
0.064403 22397.233768
0.067544 21439.043770
0.070686 20521.741462
0.073827 19644.907107
0.076969 18806.978330
0.080111 18007.236306
0.083252 17244.913600
0.086394 16518.520750
0.089535 15827.516499
0.092677 15170.456799
0.095819 14546.562861
0.098960 13955.013681
0.102102 13394.428536
0.105243 12864.160625
0.108385 12362.868246
0.111527 11889.720641
0.114668 11443.851222
0.117810 11023.972026
0.120951 10629.346689
0.124093 10258.719878
0.127235 9911.216850
0.130376 9585.933426
0.133518 9281.658426
0.136659 8997.581898
0.139801 8732.518900
0.142942 8485.634522
0.146084 8255.767502
0.149226 8041.994942
0.152367 7843.373458
0.155509 7658.772519
0.158650 7487.305997
0.161792 7327.860653
0.164934 7179.488780
0.168075 7041.228574
0.171217 6911.987939
0.174358 6790.845509
0.177500 6676.720087
0.180642 6568.647146
0.183783 6465.654453
0.186925 6366.672368
0.190066 6270.760737
0.193208 6177.095345
0.196350 6085.574758
0.199491 5996.196963
0.202633 5908.874919
0.205774 5823.634096
0.208916 5740.390088
0.212058 5659.140222
0.215199 5579.879287
0.218341 5502.526686
0.221482 5427.101541
0.224624 5353.525697
0.227765 5281.815873
0.230907 5211.896279
0.234049 5143.759902
0.237190 5077.397456
0.240332 5012.736557
0.243473 4949.788249
0.246615 4888.482322
0.249757 4828.808948
0.252898 4770.756221
0.256040 4714.257048
0.259181 4659.317278
0.262323 4605.871798
0.265465 4553.908209
0.268606 4503.412221
0.271748 4454.321555
0.274889 4406.637341
0.278031 4360.299090
0.281173 4315.292065
0.284314 4271.599838
0.287456 4229.164458
0.290597 4187.982822
0.293739 4147.998579
0.296881 4109.194901
0.300022 4071.553453
0.303164 4035.020141
0.306305 3999.588103
0.309447 3965.204650
0.312588 3931.861552
0.315730 3899.507451
0.318872 3868.122987
0.322013 3837.687567
0.325155 3808.151684
0.328296 3779.504022
0.331438 3751.696213
0.334580 3724.707377
0.337721 3698.515596
0.340863 3673.074064
0.344004 3648.368859
0.347146 3624.354121
0.350288 3601.007696
0.353429 3578.306574
0.356571 3556.206172
0.359712 3534.690444
0.362854 3513.715560
0.365996 3493.258324
0.369137 3473.294881
0.372279 3453.782392
0.375420 3434.703254
0.378562 3416.023475
0.381704 3397.741771
0.384845 3379.857823
0.387987 3362.354291
0.391128 3345.236369
0.394270 3328.487205
0.397411 3312.111512
0.400553 3296.092912
0.403695 3280.430724
0.406836 3265.123812
0.409978 3250.156480
0.413119 3235.532305
0.416261 3221.236024
0.419403 3207.266395
0.422544 3193.621757
0.425686 3180.287472
0.428827 3167.266078
0.431969 3154.543333
0.435111 3142.117479
0.438252 3129.986378
0.441394 3118.136356
0.444535 3106.569007
0.447677 3095.271013
0.450819 3084.240149
0.453960 3073.473849
0.457102 3062.959306
0.460243 3052.697263
0.463385 3042.675237
0.466527 3032.890579
0.469668 3023.340342
0.472810 3014.012494
0.475951 3004.907022
0.479093 2996.012178
0.482234 2987.327676
0.485376 2978.842033
0.488518 2970.552095
0.491659 2962.454457
0.494801 2954.538011
0.497942 2946.801849
0.501084 2939.235093
0.504226 2931.834281
0.507367 2924.595740
0.510509 2917.508910
0.513650 2910.572352
0.516792 2903.775698
0.519934 2897.115228
0.523075 2890.587047
0.526217 2884.181046
0.529358 2877.895356
0.532500 2871.720021
0.535642 2865.651108
0.538783 2859.684550
0.541925 2853.810596
0.545066 2848.027035
0.548208 2842.324234
0.551350 2836.698096
0.554491 2831.144424
0.557633 2825.653731
0.560774 2820.223643
0.563916 2814.847434
0.567057 2809.528398
0.570199 2804.263209
0.573341 2799.053628
0.576482 2793.901345
0.579624 2788.803138
0.582765 2783.762313
0.585907 2778.775718
0.589049 2773.845027
0.592190 2768.971841
0.595332 2764.153116
0.598473 2759.391979
0.601615 2754.685457
0.604757 2750.035134
0.607898 2745.442523
0.611040 2740.904758
0.614181 2736.424788
0.617323 2731.999817
0.620465 2727.631342
0.623606 2723.320785
0.626748 2719.065459
0.629889 2714.868133
0.633031 2710.726193
0.636173 2706.641044
0.639314 2702.614018
0.642456 2698.642610
0.645597 2694.729407
0.648739 2690.871977
0.651880 2687.072833
0.655022 2683.329617
0.658164 2679.643605
0.661305 2676.016003
0.664447 2672.444561
0.667588 2668.931610
0.670730 2665.474973
0.673872 2662.075837
0.677013 2658.735314
0.680155 2655.451339
0.683296 2652.226059
0.686438 2649.057480
0.689580 2645.946697
0.692721 2642.894733
0.695863 2639.899703
0.699004 2636.963572
0.702146 2634.084530
0.705288 2631.263580
0.708429 2628.501652
0.711571 2625.797046
0.714712 2623.151543
0.717854 2620.563517
0.720996 2618.033878
0.724137 2615.563465
0.727279 2613.150762
0.730420 2610.797364
0.733562 2608.501832
0.736703 2606.265687
0.739845 2604.087563
0.742987 2601.968242
0.746128 2599.908393
0.749270 2597.906140
0.752411 2595.961705
0.755553 2594.072781
0.758695 2592.238928
0.761836 2590.459634
0.764978 2588.732699
0.768119 2587.058153
0.771261 2585.433862
0.774403 2583.859300
0.777544 2582.333874
0.780686 2580.855545
0.783827 2579.424187
0.786969 2578.037820
0.790111 2576.695838
0.793252 2575.397578
0.796394 2574.141147
0.799535 2572.926275
0.802677 2571.751120
0.805819 2570.615008
0.808960 2569.517213
0.812102 2568.455968
0.815243 2567.430880
0.818385 2566.440228
0.821526 2565.483575
0.824668 2564.559244
0.827810 2563.666475
0.830951 2562.804470
0.834093 2561.971610
0.837234 2561.167360
0.840376 2560.390137
0.843518 2559.639134
0.846659 2558.913509
0.849801 2558.211732
0.852942 2557.533181
0.856084 2556.876357
0.859226 2556.240410
0.862367 2555.624464
0.865509 2555.027059
0.868650 2554.447507
0.871792 2553.884371
0.874934 2553.336769
0.878075 2552.803800
0.881217 2552.284057
0.884358 2551.776802
0.887500 2551.280644
0.890642 2550.794677
0.893783 2550.317984
0.896925 2549.849192
0.900066 2549.387532
0.903208 2548.931642
0.906349 2548.480743
0.909491 2548.033480
0.912633 2547.588930
0.915774 2547.146163
0.918916 2546.703830
0.922057 2546.261144
0.925199 2545.816755
0.928341 2545.369736
0.931482 2544.919249
0.934624 2544.464894
0.937765 2544.007340
0.940907 2543.546678
0.944049 2543.083438
0.947190 2542.618153
0.950332 2542.150911
0.953473 2541.682393
0.956615 2541.212685
0.959757 2540.742320
0.962898 2540.271833
0.966040 2539.801307
0.969181 2539.331426
0.972323 2538.862275
0.975465 2538.394389
0.978606 2537.928299
0.981748 2537.464092
0.984889 2537.002449
0.988031 2536.543460
0.991172 2536.087800
0.994314 2535.635563
0.997456 2535.187280
1.000597 2534.743476
1.003739 2534.304251
1.006880 2533.870269
1.010022 2533.441639
1.013164 2533.018883
1.016305 2532.602517
1.019447 2532.192661
1.022588 2531.789958
1.025730 2531.394537
1.028872 2531.006912
1.032013 2530.627586
1.035155 2530.256701
1.038296 2529.894878
1.041438 2529.542271
1.044580 2529.199380
1.047721 2528.866693
1.050863 2528.544384
1.054004 2528.233042
1.057146 2527.932851
1.060288 2527.644298
1.063429 2527.367852
1.066571 2527.103722
1.069712 2526.852460
1.072854 2526.614290
1.075995 2526.389748
1.079137 2526.179074
1.082279 2525.982727
1.085420 2525.801147
1.088562 2525.634601
1.091703 2525.483580
1.094845 2525.348372
1.097987 2525.229411
1.101128 2525.127112
1.104270 2525.041794
1.107411 2524.973895
1.110553 2524.923756
1.113695 2524.891786
1.116836 2524.878246
1.119978 2524.882630
1.123119 2524.904146
1.126261 2524.942018
1.129403 2524.995451
1.132544 2525.063634
1.135686 2525.145819
1.138827 2525.241165
1.141969 2525.348943
1.145111 2525.468335
1.148252 2525.598508
1.151394 2525.738757
1.154535 2525.888201
1.157677 2526.046148
1.160818 2526.211707
1.163960 2526.384194
1.167102 2526.562769
1.170243 2526.746581
1.173385 2526.934959
1.176526 2527.126993
1.179668 2527.322017
1.182810 2527.519179
1.185951 2527.717628
1.189093 2527.916700
1.192234 2528.115478
1.195376 2528.313301
1.198518 2528.509314
1.201659 2528.702668
1.204801 2528.892695
1.207942 2529.078487
1.211084 2529.259371
1.214226 2529.434497
1.217367 2529.603025
1.220509 2529.764271
1.223650 2529.917344
1.226792 2530.061551
1.229934 2530.196054
1.233075 2530.320024
1.236217 2530.432751
1.239358 2530.533374
1.242500 2530.621168
1.245641 2530.695288
1.248783 2530.754990
1.251925 2530.799461
1.255066 2530.827903
1.258208 2530.839545
1.261349 2530.833592
1.264491 2530.809248
1.267633 2530.765725
1.270774 2530.702255
1.273916 2530.618008
1.277057 2530.512250
1.280199 2530.384123
1.283341 2530.232867
1.286482 2530.057754
1.289624 2529.857881
1.292765 2529.632587
1.295907 2529.380939
1.299049 2529.102214
