0.004712 49989.557900
0.007854 48049.530903
0.010996 46169.968457
0.014137 44350.434043
0.017279 42588.762911
0.020420 40885.070676
0.023562 39237.266349
0.026704 37644.894973
0.029845 36107.431031
0.032987 34622.889375
0.036128 33191.209219
0.039270 31810.472774
0.042412 30480.137683
0.045553 29199.597432
0.048695 27967.030466
0.051836 26782.215609
0.054978 25643.392260
0.058119 24550.279569
0.061261 23501.175327
0.064403 22495.428266
0.067544 21532.331927
0.070686 20610.266888
0.073827 19728.814323
0.076969 18886.406797
0.080111 18082.324854
0.083252 17315.800253
0.086394 16585.338738
0.089535 15890.399520
0.092677 15229.533922
0.095819 14601.962311
0.098960 14006.862669
0.102102 13442.849891
0.105243 12909.277239
0.108385 12404.798785
0.111527 11928.582719
0.114668 11479.761254
0.117810 11057.042428
0.120951 10659.689561
0.124093 10286.443464
0.127235 9936.428158
0.130376 9608.738091
0.133518 9302.158429
0.136659 9015.878568
0.139801 8748.710042
0.142942 8499.817159
0.146084 8268.035259
0.149226 8052.439976
0.152367 7852.086340
0.155509 7665.840599
0.158650 7492.815549
0.161792 7331.894839
0.164934 7182.129148
0.168075 7042.554958
0.171217 6912.077215
0.174358 6789.773218
0.177500 6674.558912
0.180642 6565.468028
0.183783 6461.526503
0.186925 6361.661971
0.190066 6264.932721
0.193208 6170.512044
0.196350 6078.297196
0.199491 5988.284834
0.202633 5900.385997
0.205774 5814.625003
0.208916 5730.915596
0.212058 5649.253759
0.215199 5569.632868
0.218341 5491.970577
0.221482 5416.284688
0.224624 5342.495361
0.227765 5270.617932
0.230907 5200.574987
0.234049 5132.358052
0.237190 5065.956330
0.240332 5001.295894
0.243473 4938.386267
0.246615 4877.155747
0.249757 4817.592979
0.252898 4759.684487
0.256040 4703.361751
0.259181 4648.628989
0.262323 4595.419703
0.265465 4543.719912
0.268606 4493.513712
0.271748 4444.737487
0.274889 4397.390653
0.278031 4351.411412
0.281173 4306.783408
0.284314 4263.488562
0.287456 4221.467659
0.290597 4180.715813
0.293739 4141.175429
0.296881 4102.828023
0.300022 4065.653593
0.303164 4029.596822
0.306305 3994.649027
0.309447 3960.756309
0.312588 3927.908607
0.315730 3896.053359
0.318872 3865.169530
0.322013 3835.234849
0.325155 3806.198607
0.328296 3778.047654
0.331438 3750.732417
0.334580 3724.230341
0.337721 3698.517835
0.340863 3673.546880
0.344004 3649.301737
0.347146 3625.735321
0.350288 3602.823808
0.353429 3580.542540
0.356571 3558.845683
0.359712 3537.715413
0.362854 3517.106628
0.365996 3496.994489
0.369137 3477.353521
0.372279 3458.139571
0.375420 3439.333338
0.378562 3420.900238
0.381704 3402.839444
0.384845 3385.151260
0.387987 3367.819153
0.391128 3350.848888
0.394270 3334.224390
0.397411 3317.950973
0.400553 3302.013006
0.403695 3286.410453
0.406836 3271.142851
0.409978 3256.195210
0.413119 3241.571777
0.416261 3227.257970
0.419403 3213.253225
0.422544 3199.556583
0.425686 3186.154054
0.428827 3173.048900
0.431969 3160.227509
0.435111 3147.688827
0.438252 3135.431441
0.441394 3123.442278
0.444535 3111.723701
0.447677 3100.262979
0.450819 3089.058615
0.453960 3078.108782
0.457102 3067.401240
0.460243 3056.937536
0.463385 3046.705739
0.466527 3036.703946
0.469668 3026.929962
0.472810 3017.372295
0.475951 3008.031761
0.479093 2998.897143
0.482234 2989.968987
0.485376 2981.236339
0.488518 2972.696802
0.491659 2964.347734
0.494801 2956.178549
0.497942 2948.189179
0.501084 2940.369268
0.504226 2932.716116
0.507367 2925.226811
0.510509 2917.891314
0.513650 2910.709027
0.516792 2903.670108
0.519934 2896.771594
0.523075 2890.010348
0.526217 2883.376794
0.529358 2876.869887
0.532500 2870.480213
0.535642 2864.204594
0.538783 2858.039703
0.541925 2851.976346
0.545066 2846.013115
0.548208 2840.140942
0.551350 2834.356471
0.554491 2828.656232
0.557633 2823.031327
0.560774 2817.480133
0.563916 2811.996068
0.567057 2806.582172
0.570199 2801.234703
0.573341 2795.955102
0.576482 2790.744719
0.579624 2785.599943
0.582765 2780.523754
0.585907 2775.512623
0.589049 2770.567884
0.592190 2765.690782
0.595332 2760.877917
0.598473 2756.132057
0.601615 2751.449887
0.604757 2746.832631
0.607898 2742.281433
0.611040 2737.793100
0.614181 2733.370195
0.617323 2729.009605
0.620465 2724.712454
0.623606 2720.479784
0.626748 2716.308605
0.629889 2712.201277
0.633031 2708.154890
0.636173 2704.170465
0.639314 2700.248947
0.642456 2696.387543
0.645597 2692.588417
0.648739 2688.848853
0.651880 2685.170938
0.655022 2681.552034
0.658164 2677.993027
0.661305 2674.494725
0.664447 2671.054606
0.667588 2667.674566
0.670730 2664.352156
0.673872 2661.088166
0.677013 2657.883313
0.680155 2654.735261
0.683296 2651.645719
0.686438 2648.612424
0.689580 2645.636074
0.692721 2642.717294
0.695863 2639.853930
0.699004 2637.047510
0.702146 2634.295951
0.705288 2631.599862
0.708429 2628.959778
0.711571 2626.373723
0.714712 2623.843049
0.717854 2621.365848
0.720996 2618.942641
0.724137 2616.573877
0.727279 2614.257753
0.730420 2611.995449
0.733562 2609.785228
0.736703 2607.628202
0.739845 2605.522703
0.742987 2603.469132
0.746128 2601.467803
0.749270 2599.516831
0.752411 2597.616599
0.755553 2595.765031
0.758695 2593.961873
0.761836 2592.206810
0.764978 2590.497856
0.768119 2588.835236
0.771261 2587.217022
0.774403 2585.642884
0.777544 2584.112437
0.780686 2582.623840
0.783827 2581.177173
0.786969 2579.770650
0.790111 2578.403870
0.793252 2577.076383
0.796394 2575.786478
0.799535 2574.534110
0.802677 2573.317614
0.805819 2572.136528
0.808960 2570.990345
0.812102 2569.877469
0.815243 2568.797742
0.818385 2567.749610
0.821526 2566.732873
0.824668 2565.746019
0.827810 2564.788509
0.830951 2563.859767
0.834093 2562.958335
0.837234 2562.083922
0.840376 2561.235103
0.843518 2560.411296
0.846659 2559.611882
0.849801 2558.835488
0.852942 2558.081741
0.856084 2557.349295
0.859226 2556.637526
0.862367 2555.945785
0.865509 2555.272765
0.868650 2554.618028
0.871792 2553.980291
0.874934 2553.358898
0.878075 2552.753173
0.881217 2552.161863
0.884358 2551.584480
0.887500 2551.019788
0.890642 2550.467108
0.893783 2549.925742
0.896925 2549.394480
0.900066 2548.872794
0.903208 2548.359485
0.906349 2547.854014
0.909491 2547.355191
0.912633 2546.862313
0.915774 2546.374668
0.918916 2545.891078
0.922057 2545.410985
0.925199 2544.933217
0.928341 2544.457060
0.931482 2543.981866
0.934624 2543.507197
0.937765 2543.033594
0.940907 2542.561000
0.944049 2542.089810
0.947190 2541.620418
0.950332 2541.152769
0.953473 2540.687404
0.956615 2540.224272
0.959757 2539.763766
0.962898 2539.306274
0.966040 2538.851750
0.969181 2538.400727
0.972323 2537.953162
0.975465 2537.509444
0.978606 2537.069955
0.981748 2536.634661
0.984889 2536.204083
0.988031 2535.778190
0.991172 2535.357498
0.994314 2534.941983
0.997456 2534.532024
1.000597 2534.127994
1.003739 2533.729878
1.006880 2533.338175
1.010022 2532.952879
1.013164 2532.574361
1.016305 2532.202981
1.019447 2531.838748
1.022588 2531.482137
1.025730 2531.133165
1.028872 2530.792192
1.032013 2530.459567
1.035155 2530.135321
1.038296 2529.819905
1.041438 2529.513363
1.044580 2529.216040
1.047721 2528.928271
1.050863 2528.650118
1.054004 2528.382000
1.057146 2528.123992
1.060288 2527.876425
1.063429 2527.639617
1.066571 2527.413661
1.069712 2527.198945
1.072854 2526.995577
1.075995 2526.803929
1.079137 2526.624125
1.082279 2526.456472
1.085420 2526.301260
1.088562 2526.158636
1.091703 2526.028935
1.094845 2525.912317
1.097987 2525.809071
1.101128 2525.719468
1.104270 2525.643693
1.107411 2525.582041
1.110553 2525.534715
1.113695 2525.501981
1.116836 2525.484001
1.119978 2525.480376
1.123119 2525.490517
1.126261 2525.513839
1.129403 2525.549748
1.132544 2525.597634
1.135686 2525.656935
1.138827 2525.727021
1.141969 2525.807345
1.145111 2525.897294
1.148252 2525.996242
1.151394 2526.103659
1.154535 2526.218886
1.157677 2526.341403
1.160818 2526.470539
1.163960 2526.605786
1.167102 2526.746510
1.170243 2526.892072
1.173385 2527.041972
1.176526 2527.195522
1.179668 2527.352228
1.182810 2527.511450
1.185951 2527.672542
1.189093 2527.835015
1.192234 2527.998174
1.195376 2528.161529
1.198518 2528.324438
1.201659 2528.486255
1.204801 2528.646492
1.207942 2528.804455
1.211084 2528.959651
1.214226 2529.111437
1.217367 2529.259175
1.220509 2529.402366
1.223650 2529.540327
1.226792 2529.672553
1.229934 2529.798408
1.233075 2529.917261
1.236217 2530.028597
1.239358 2530.131752
1.242500 2530.226199
1.245641 2530.311286
1.248783 2530.386476
1.251925 2530.451146
1.255066 2530.504690
1.258208 2530.546548
1.261349 2530.576103
1.264491 2530.592780
1.267633 2530.595975
1.270774 2530.585103
1.273916 2530.559563
1.277057 2530.518779
1.280199 2530.462134
1.283341 2530.389045
1.286482 2530.298952
1.289624 2530.191204
1.292765 2530.065277
1.295907 2529.920501
1.299049 2529.756318
