0.004712 50054.906315
0.007854 48113.836065
0.010996 46233.202850
0.014137 44412.571741
0.017279 42649.778524
0.020420 40944.940761
0.023562 39295.967967
0.026704 37702.406784
0.029845 36163.733314
0.032987 34677.962876
0.036128 33245.036698
0.039270 31863.037432
0.042412 30531.424350
0.045553 29249.592584
0.048695 28015.720995
0.051836 26829.590467
0.054978 25689.440798
0.058119 24594.993214
0.061261 23544.545891
0.064403 22537.449220
0.067544 21572.998409
0.070686 20649.574405
0.073827 19766.760484
0.076969 18922.989575
0.080111 18117.543893
0.083252 17349.656863
0.086394 16617.834595
0.089535 15921.538402
0.092677 15259.319977
0.095819 14630.401352
0.098960 14033.962170
0.102102 13468.617708
0.105243 12933.723309
0.108385 12427.933437
0.111527 11950.417939
0.114668 11500.310671
0.117810 11076.320084
0.120951 10677.711544
0.124093 10303.226294
0.127235 9951.989994
0.130376 9623.098705
0.133518 9315.338062
0.136659 9027.899448
0.139801 8759.594891
0.142942 8509.590657
0.146084 8276.722613
0.149226 8060.067985
0.152367 7858.683361
0.155509 7671.435566
0.158650 7497.439270
0.161792 7335.578735
0.164934 7184.906191
0.168075 7044.459624
0.171217 6913.144661
0.174358 6790.040367
0.177500 6674.063411
0.180642 6564.249021
0.183783 6459.624577
0.186925 6359.118514
0.190066 6261.790762
0.193208 6166.814899
0.196350 6074.087569
0.199491 5983.604522
0.202633 5895.275448
0.205774 5809.123888
0.208916 5725.062289
0.212058 5643.085714
0.215199 5563.186571
0.218341 5485.281288
0.221482 5409.386771
0.224624 5335.421999
0.227765 5263.401369
0.230907 5193.246327
0.234049 5124.947399
0.237190 5058.492750
0.240332 4993.807369
0.243473 4930.899747
0.246615 4869.697131
0.249757 4810.187122
0.252898 4752.355164
0.256040 4696.131738
0.259181 4641.519947
0.262323 4588.452322
0.265465 4536.913796
0.268606 4486.887354
0.271748 4438.308446
0.274889 4391.175311
0.278031 4345.425241
0.281173 4301.040760
0.284314 4258.002658
0.287456 4216.250833
0.290597 4175.779177
0.293739 4136.529225
0.296881 4098.481356
0.300022 4061.614417
0.303164 4025.872238
0.306305 3991.244886
0.309447 3957.677616
0.312588 3925.159112
0.315730 3893.635970
0.318872 3863.086001
0.322013 3833.485777
0.325155 3804.783753
0.328296 3776.965516
0.331438 3749.980656
0.334580 3723.805461
0.337721 3698.415189
0.340863 3673.760975
0.344004 3649.825830
0.347146 3626.561816
0.350288 3603.943959
0.353429 3581.946462
0.356571 3560.522622
0.359712 3539.653393
0.362854 3519.292789
0.365996 3499.414833
0.369137 3479.992936
0.372279 3460.982034
0.375420 3442.361653
0.378562 3424.096792
0.381704 3406.186929
0.384845 3388.632784
0.387987 3371.418365
0.391128 3354.549820
0.394270 3338.011593
0.397411 3321.809401
0.400553 3305.928114
0.403695 3290.368128
0.406836 3275.129431
0.409978 3260.197505
0.413119 3245.577044
0.416261 3231.253926
0.419403 3217.228039
0.422544 3203.498894
0.425686 3190.052935
0.428827 3176.893911
0.431969 3164.008627
0.435111 3151.396506
0.438252 3139.056617
0.441394 3126.976292
0.444535 3115.158407
0.447677 3103.590625
0.450819 3092.271935
0.453960 3081.201008
0.457102 3070.365982
0.460243 3059.768942
0.463385 3049.398327
0.466527 3039.252735
0.469668 3029.330474
0.472810 3019.620413
0.475951 3010.123922
0.479093 3000.830141
0.482234 2991.740175
0.485376 2982.843422
0.488518 2974.137993
0.491659 2965.621756
0.494801 2957.284475
0.497942 2949.126645
0.501084 2941.138260
0.504226 2933.317129
0.507367 2925.660850
0.510509 2918.159735
0.513650 2910.813747
0.516792 2903.613396
0.519934 2896.556229
0.523075 2889.639613
0.526217 2882.854330
0.529358 2876.199888
0.532500 2869.667237
0.535642 2863.253701
0.538783 2856.956452
0.541925 2850.766667
0.545066 2844.683476
0.548208 2838.698191
0.551350 2832.807951
0.554491 2827.009774
0.557633 2821.295154
0.560774 2815.662974
0.563916 2810.106747
0.567057 2804.629345
0.570199 2799.226749
0.573341 2793.900186
0.576482 2788.650783
0.579624 2783.474666
0.582765 2778.374601
0.585907 2773.346807
0.589049 2768.392391
0.592190 2763.512362
0.595332 2758.703083
0.598473 2753.967084
0.601615 2749.300819
0.604757 2744.705276
0.607898 2740.181352
0.611040 2735.725637
0.614181 2731.340435
0.617323 2727.022425
0.620465 2722.772480
0.623606 2718.591393
0.626748 2714.475967
0.629889 2710.428294
0.633031 2706.445264
0.636173 2702.527646
0.639314 2698.676124
0.642456 2694.887715
0.645597 2691.164301
0.648739 2687.502978
0.651880 2683.905547
0.655022 2680.369187
0.658164 2676.894521
0.661305 2673.482095
0.664447 2670.129206
0.667588 2666.837457
0.670730 2663.604221
0.673872 2660.430024
0.677013 2657.315318
0.680155 2654.257589
0.683296 2651.258252
0.686438 2648.314866
0.689580 2645.427865
0.692721 2642.597609
0.695863 2639.821766
0.699004 2637.101572
0.702146 2634.434763
0.705288 2631.821684
0.708429 2629.262609
0.711571 2626.755379
0.714712 2624.301058
0.717854 2621.897552
0.720996 2619.545121
0.724137 2617.243958
0.727279 2614.992066
0.730420 2612.790349
0.733562 2610.636873
0.736703 2608.532479
0.739845 2606.475296
0.742987 2604.465469
0.746128 2602.503080
0.749270 2600.586237
0.752411 2598.715429
0.755553 2596.888734
0.758695 2595.106021
0.761836 2593.367106
0.764978 2591.670147
0.768119 2590.015495
0.771261 2588.401362
0.774403 2586.827549
0.777544 2585.293806
0.780686 2583.798424
0.783827 2582.341623
0.786969 2580.921742
0.790111 2579.538520
0.793252 2578.191646
0.796394 2576.879531
0.799535 2575.602278
0.802677 2574.358342
0.805819 2573.147401
0.808960 2571.969093
0.812102 2570.821936
0.815243 2569.705927
0.818385 2568.619625
0.821526 2567.562988
0.824668 2566.534610
0.827810 2565.534102
0.830951 2564.561035
0.834093 2563.614057
0.837234 2562.693040
0.840376 2561.796665
0.843518 2560.924495
0.846659 2560.076066
0.849801 2559.250104
0.852942 2558.446404
0.856084 2557.663721
0.859226 2556.901582
0.862367 2556.159487
0.865509 2555.436232
0.868650 2554.731545
0.871792 2554.044245
0.874934 2553.373826
0.878075 2552.719762
0.881217 2552.080905
0.884358 2551.456928
0.887500 2550.846701
0.890642 2550.249694
0.893783 2549.665358
0.896925 2549.092589
0.900066 2548.531018
0.903208 2547.979556
0.906349 2547.437823
0.909491 2546.904740
0.912633 2546.379749
0.915774 2545.862281
0.918916 2545.351275
0.922057 2544.846323
0.925199 2544.346372
0.928341 2543.850851
0.931482 2543.359237
0.934624 2542.871065
0.937765 2542.386793
0.940907 2541.906266
0.944049 2541.429788
0.947190 2540.957661
0.950332 2540.489736
0.953473 2540.026460
0.956615 2539.567691
0.959757 2539.113729
0.962898 2538.664865
0.966040 2538.220967
0.969181 2537.782467
0.972323 2537.349237
0.975465 2536.921570
0.978606 2536.499750
0.981748 2536.083659
0.984889 2535.673714
0.988031 2535.269805
0.991172 2534.872339
0.994314 2534.481216
0.997456 2534.096714
1.000597 2533.719104
1.003739 2533.348296
1.006880 2532.984677
1.010022 2532.628167
1.013164 2532.279035
1.016305 2531.937538
1.019447 2531.603612
1.022588 2531.277619
1.025730 2530.959503
1.028872 2530.649521
1.032013 2530.347918
1.035155 2530.054654
1.038296 2529.770067
1.041438 2529.494126
1.044580 2529.227075
1.047721 2528.969146
1.050863 2528.720326
1.054004 2528.480923
1.057146 2528.250938
1.060288 2528.030599
1.063429 2527.820123
1.066571 2527.619527
1.069712 2527.429089
1.072854 2527.248841
1.075995 2527.079047
1.079137 2526.919751
1.082279 2526.771159
1.085420 2526.633466
1.088562 2526.506735
1.091703 2526.391197
1.094845 2526.286931
1.097987 2526.194125
1.101128 2526.112956
1.104270 2526.043523
1.107411 2525.986021
1.110553 2525.940565
1.113695 2525.907326
1.116836 2525.886396
1.119978 2525.877452
1.123119 2525.880039
1.126261 2525.893696
1.129403 2525.917964
1.132544 2525.952367
1.135686 2525.996468
1.138827 2526.049775
1.141969 2526.111862
1.145111 2526.182252
1.148252 2526.260457
1.151394 2526.346066
1.154535 2526.438562
1.157677 2526.537543
1.160818 2526.642485
1.163960 2526.752993
1.167102 2526.868574
1.170243 2526.988726
1.173385 2527.113066
1.176526 2527.241051
1.179668 2527.372303
1.182810 2527.506320
1.185951 2527.642596
1.189093 2527.780757
1.192234 2527.920254
1.195376 2528.060714
1.198518 2528.201631
1.201659 2528.342499
1.204801 2528.482946
1.207942 2528.622421
1.211084 2528.760553
1.214226 2528.896834
1.217367 2529.030761
1.220509 2529.161958
1.223650 2529.289880
1.226792 2529.414147
1.229934 2529.534256
1.233075 2529.649710
1.236217 2529.760121
1.239358 2529.864957
1.242500 2529.963824
1.245641 2530.056197
1.248783 2530.141674
1.251925 2530.219763
1.255066 2530.289981
1.258208 2530.351912
1.261349 2530.405054
1.264491 2530.448980
1.267633 2530.483211
1.270774 2530.507278
1.273916 2530.520736
1.277057 2530.523115
1.280199 2530.513955
1.283341 2530.492792
1.286482 2530.459177
1.289624 2530.412626
1.292765 2530.352710
1.295907 2530.278927
1.299049 2530.190833
