0.004712 48649.245076
0.007854 46774.117862
0.010996 44957.341131
0.014137 43198.494656
0.017279 41495.487603
0.020420 39848.433507
0.023562 38255.312717
0.026704 36715.687215
0.029845 35229.050881
0.032987 33793.486211
0.036128 32408.936501
0.039270 31073.549248
0.042412 29786.802086
0.045553 28548.110732
0.048695 27355.715556
0.051836 26209.405070
0.054978 25107.478465
0.058119 24049.666667
0.061261 23034.325219
0.064403 22060.826650
0.067544 21128.490224
0.070686 20235.751380
0.073827 19382.207887
0.076969 18566.345353
0.080111 17787.470503
0.083252 17044.842976
0.086394 16337.019005
0.089535 15663.478653
0.092677 15022.822147
0.095819 14414.298128
0.098960 13837.114336
0.102102 13289.932350
0.105243 12772.129978
0.108385 12282.406610
0.111527 11819.960535
0.114668 11383.955316
0.117810 10973.142427
0.120951 10586.812872
0.124093 10223.749756
0.127235 9883.108735
0.130376 9564.016927
0.133518 9265.300247
0.136659 8986.178347
0.139801 8725.502594
0.142942 8482.468423
0.146084 8255.950181
0.149226 8045.056823
0.152367 7848.877415
0.155509 7666.316136
0.158650 7496.518702
0.161792 7338.406088
0.164934 7191.063164
0.168075 7053.561085
0.171217 6924.841394
0.174358 6804.015533
0.177500 6690.035661
0.180642 6581.970282
0.183783 6478.880371
0.186925 6379.729379
0.190066 6283.610386
0.193208 6189.724097
0.196350 6097.972985
0.199491 6008.355520
0.202633 5920.784916
0.205774 5835.287205
0.208916 5751.778224
0.212058 5670.255788
0.215199 5590.715181
0.218341 5513.076034
0.221482 5437.358057
0.224624 5363.483315
0.227765 5291.469123
0.230907 5221.239902
0.234049 5152.789143
0.237190 5086.108067
0.240332 5021.124494
0.243473 4957.850078
0.246615 4896.214809
0.249757 4836.209367
0.252898 4777.822358
0.256040 4720.986885
0.259181 4665.709413
0.262323 4611.925025
0.265465 4559.621830
0.268606 4508.786057
0.271748 4459.355613
0.274889 4411.332252
0.278031 4364.655675
0.281173 4319.311659
0.284314 4275.284287
0.287456 4232.515802
0.290597 4191.003720
0.293739 4150.691883
0.296881 4111.563976
0.300022 4073.602172
0.303164 4036.752578
0.306305 4001.008940
0.309447 3966.318775
0.312588 3932.674457
0.315730 3900.024838
0.318872 3868.351065
0.322013 3837.633037
0.325155 3807.821475
0.328296 3778.905644
0.331438 3750.837409
0.334580 3723.596386
0.337721 3697.161137
0.340863 3671.485107
0.344004 3646.554930
0.347146 3622.325009
0.350288 3598.773667
0.353429 3575.878363
0.356571 3553.594796
0.359712 3531.907440
0.362854 3510.772763
0.365996 3490.168033
0.369137 3470.069841
0.372279 3450.435666
0.375420 3431.248389
0.378562 3412.474086
0.381704 3394.111190
0.384845 3376.159029
0.387987 3358.599852
0.391128 3341.438516
0.394270 3324.657775
0.397411 3308.261991
0.400553 3292.234403
0.403695 3276.573968
0.406836 3261.279176
0.409978 3246.333968
0.413119 3231.741538
0.416261 3217.486274
0.419403 3203.566553
0.422544 3189.980327
0.425686 3176.712623
0.428827 3163.765570
0.431969 3151.124600
0.435111 3138.787565
0.438252 3126.751926
0.441394 3115.003699
0.444535 3103.544043
0.447677 3092.359341
0.450819 3081.446963
0.453960 3070.803933
0.457102 3060.417153
0.460243 3050.286917
0.463385 3040.400453
0.466527 3030.754704
0.469668 3021.346305
0.472810 3012.162944
0.475951 3003.204150
0.479093 2994.457896
0.482234 2985.923431
0.485376 2977.589000
0.488518 2969.451030
0.491659 2961.505699
0.494801 2953.741627
0.497942 2946.157436
0.501084 2938.741977
0.504226 2931.491370
0.507367 2924.401524
0.510509 2917.461604
0.513650 2910.669710
0.516792 2904.015194
0.519934 2897.493921
0.523075 2891.101582
0.526217 2884.827787
0.529358 2878.670210
0.532500 2872.618610
0.535642 2866.668642
0.538783 2860.815832
0.541925 2855.050132
0.545066 2849.368895
0.548208 2843.762182
0.551350 2838.225490
0.554491 2832.754231
0.557633 2827.338599
0.560774 2821.975810
0.563916 2816.659071
0.567057 2811.391832
0.570199 2806.171011
0.573341 2800.998562
0.576482 2795.876379
0.579624 2790.801471
0.582765 2785.777339
0.585907 2780.801055
0.589049 2775.874497
0.592190 2770.999480
0.595332 2766.173169
0.598473 2761.398909
0.601615 2756.673929
0.604757 2752.000028
0.607898 2747.378941
0.611040 2742.807994
0.614181 2738.290369
0.617323 2733.823460
0.620465 2729.408983
0.623606 2725.048589
0.626748 2720.739773
0.629889 2716.485547
0.633031 2712.283474
0.636173 2708.135188
0.639314 2704.042252
0.642456 2700.002333
0.645597 2696.018271
0.648739 2692.087801
0.651880 2688.213695
0.655022 2684.393757
0.658164 2680.629501
0.661305 2676.922367
0.664447 2673.270266
0.667588 2669.675794
0.670730 2666.136932
0.673872 2662.655104
0.677013 2659.231663
0.680155 2655.864698
0.683296 2652.556623
0.686438 2649.305603
0.689580 2646.112971
0.692721 2642.979986
0.695863 2639.904923
0.699004 2636.890010
0.702146 2633.933599
0.705288 2631.036929
0.708429 2628.201164
0.711571 2625.424769
0.714712 2622.709782
0.717854 2620.054746
0.720996 2617.460804
0.724137 2614.929024
0.727279 2612.458064
0.730420 2610.049767
0.733562 2607.702872
0.736703 2605.419142
0.739845 2603.197393
0.742987 2601.038634
0.746128 2598.943747
0.749270 2596.910858
0.752411 2594.940092
0.755553 2593.029000
0.758695 2591.177028
0.761836 2589.383547
0.764978 2587.646223
0.768119 2585.964971
0.771261 2584.337529
0.774403 2582.763249
0.777544 2581.241415
0.780686 2579.769868
0.783827 2578.348353
0.786969 2576.974773
0.790111 2575.648396
0.793252 2574.368432
0.796394 2573.132874
0.799535 2571.941317
0.802677 2570.791812
0.805819 2569.683552
0.808960 2568.615679
0.812102 2567.586323
0.815243 2566.594946
0.818385 2565.639728
0.821526 2564.720084
0.824668 2563.834237
0.827810 2562.981295
0.830951 2562.160321
0.834093 2561.369602
0.837234 2560.608450
0.840376 2559.875188
0.843518 2559.168872
0.846659 2558.488523
0.849801 2557.832516
0.852942 2557.200077
0.856084 2556.589613
0.859226 2556.000136
0.862367 2555.430633
0.865509 2554.879551
0.868650 2554.346048
0.871792 2553.828593
0.874934 2553.326168
0.878075 2552.837733
0.881217 2552.361788
0.884358 2551.897442
0.887500 2551.443210
0.890642 2550.998049
0.893783 2550.560905
0.896925 2550.130308
0.900066 2549.705342
0.903208 2549.284545
0.906349 2548.866992
0.909491 2548.451228
0.912633 2548.036194
0.915774 2547.620829
0.918916 2547.203679
0.922057 2546.783817
0.925199 2546.359786
0.928341 2545.930525
0.931482 2545.495085
0.934624 2545.053088
0.937765 2544.605280
0.940907 2544.151844
0.944049 2543.693393
0.947190 2543.230544
0.950332 2542.763473
0.953473 2542.292947
0.956615 2541.819136
0.959757 2541.342659
0.962898 2540.864138
0.966040 2540.383740
0.969181 2539.902239
0.972323 2539.419799
0.975465 2538.937043
0.978606 2538.454594
0.981748 2537.972615
0.984889 2537.491883
0.988031 2537.012561
0.991172 2536.535424
0.994314 2536.060638
0.997456 2535.588826
1.000597 2535.120606
1.003739 2534.656149
1.006880 2534.196221
1.010022 2533.740999
1.013164 2533.291100
1.016305 2532.847134
1.019447 2532.409289
1.022588 2531.978313
1.025730 2531.554402
1.028872 2531.138163
1.032013 2530.730196
1.035155 2530.330710
1.038296 2529.940429
1.041438 2529.559575
1.044580 2529.188744
1.047721 2528.828518
1.050863 2528.479138
1.054004 2528.141295
1.057146 2527.815246
1.060288 2527.501569
1.063429 2527.200827
1.066571 2526.913299
1.069712 2526.639639
1.072854 2526.380141
1.075995 2526.135440
1.079137 2525.905850
1.082279 2525.691923
1.085420 2525.494187
1.088562 2525.312987
1.091703 2525.148908
1.094845 2525.002315
1.097987 2524.873734
1.101128 2524.763666
1.104270 2524.672511
1.107411 2524.600797
1.110553 2524.548949
1.113695 2524.517461
1.116836 2524.506659
1.119978 2524.515968
1.123119 2524.544472
1.126261 2524.591279
1.129403 2524.655473
1.132544 2524.736114
1.135686 2524.832343
1.138827 2524.943190
1.141969 2525.067814
1.145111 2525.205272
1.148252 2525.354603
1.151394 2525.514994
1.154535 2525.685431
1.157677 2525.865112
1.160818 2526.053014
1.163960 2526.248345
1.167102 2526.450137
1.170243 2526.657412
1.173385 2526.869392
1.176526 2527.085031
1.179668 2527.303557
1.182810 2527.523991
1.185951 2527.745351
1.189093 2527.966870
1.192234 2528.187494
1.195376 2528.406455
1.198518 2528.622771
1.201659 2528.835466
1.204801 2529.043763
1.207942 2529.246620
1.211084 2529.443257
1.214226 2529.632696
1.217367 2529.813972
1.220509 2529.986288
1.223650 2530.148626
1.226792 2530.300179
1.229934 2530.439982
1.233075 2530.567087
1.236217 2530.680663
1.239358 2530.779730
1.242500 2530.863439
1.245641 2530.930828
1.248783 2530.981028
1.251925 2531.013105
1.255066 2531.026148
1.258208 2531.019254
1.261349 2530.991518
1.264491 2530.942012
1.267633 2530.869830
1.270774 2530.774097
1.273916 2530.653841
1.277057 2530.508229
1.280199 2530.336256
1.283341 2530.137057
1.286482 2529.909795
1.289624 2529.653417
1.292765 2529.367176
1.295907 2529.049978
1.299049 2528.701001
