0.004712 50099.240294
0.007854 48180.512124
0.010996 46320.777599
0.014137 44519.628953
0.017279 42774.947514
0.020420 41086.872440
0.023562 39453.357059
0.026704 37873.975608
0.029845 36348.233414
0.032987 34874.187168
0.036128 33451.803759
0.039270 32079.205689
0.042412 30755.881835
0.045553 29481.258350
0.048695 28253.551820
0.051836 27072.572330
0.054978 25936.596095
0.058119 24845.374810
0.061261 23797.241841
0.064403 22791.579550
0.067544 21827.716236
0.070686 20904.066359
0.073827 20020.246461
0.076969 19174.721968
0.080111 18366.808440
0.083252 17595.773557
0.086394 16860.154561
0.089535 16159.448305
0.092677 15492.236813
0.095819 14857.776571
0.098960 14255.282375
0.102102 13683.398783
0.105243 13141.518426
0.108385 12628.324456
0.111527 12143.022023
0.114668 11684.780769
0.117810 11252.337105
0.120951 10844.994902
0.124093 10461.522979
0.127235 10101.082878
0.130376 9762.806822
0.133518 9445.507609
0.136659 9148.415815
0.139801 8870.370462
0.142942 8610.577138
0.146084 8367.898615
0.149226 8141.448376
0.152367 7930.319247
0.155509 7733.404986
0.158650 7549.859539
0.161792 7378.594227
0.164934 7218.697486
0.168075 7069.243278
0.171217 6929.164633
0.174358 6797.579319
0.177500 6673.431741
0.180642 6555.793020
0.183783 6443.725990
0.186925 6336.187484
0.190066 6232.275008
0.193208 6131.180103
0.196350 6032.794957
0.199491 5937.105628
0.202633 5844.007210
0.205774 5753.515003
0.208916 5665.527412
0.212058 5580.029665
0.215199 5497.003822
0.218341 5416.353040
0.221482 5338.084697
0.224624 5262.104979
0.227765 5188.418293
0.230907 5116.933741
0.234049 5047.631153
0.237190 4980.487582
0.240332 4915.416297
0.243473 4852.414760
0.246615 4791.398878
0.249757 4732.345044
0.252898 4675.227153
0.256040 4619.964859
0.259181 4566.549379
0.262323 4514.902726
0.265465 4464.998204
0.268606 4416.806902
0.271748 4370.254158
0.274889 4325.325645
0.278031 4281.948779
0.281173 4240.094128
0.284314 4199.730324
0.287456 4160.787688
0.290597 4123.247050
0.293739 4087.040530
0.296881 4052.136309
0.300022 4018.500911
0.303164 3986.068943
0.306305 3954.817089
0.309447 3924.681473
0.312588 3895.637320
0.315730 3867.622158
0.318872 3840.601415
0.322013 3814.539254
0.325155 3789.375102
0.328296 3765.081019
0.331438 3741.597558
0.334580 3718.888600
0.337721 3696.917039
0.340863 3675.624909
0.344004 3654.981804
0.347146 3634.930603
0.350288 3615.433989
0.353429 3596.453938
0.356571 3577.934389
0.359712 3559.843171
0.362854 3542.124788
0.365996 3524.741076
0.369137 3507.653444
0.372279 3490.807034
0.375420 3474.168784
0.378562 3457.699194
0.381704 3441.400945
0.384845 3425.279164
0.387987 3409.323613
0.391128 3393.544472
0.394270 3377.931720
0.397411 3362.495318
0.400553 3347.225462
0.403695 3332.127121
0.406836 3317.205040
0.409978 3302.449745
0.413119 3287.870653
0.416261 3273.458504
0.419403 3259.217993
0.422544 3245.153595
0.425686 3231.256380
0.428827 3217.535218
0.431969 3203.981397
0.435111 3190.599339
0.438252 3177.393244
0.441394 3164.354730
0.444535 3151.492120
0.447677 3138.797249
0.450819 3126.274265
0.453960 3113.927096
0.457102 3101.747904
0.460243 3089.744468
0.463385 3077.909168
0.466527 3066.245880
0.469668 3054.758257
0.472810 3043.439009
0.475951 3032.295368
0.479093 3021.320261
0.482234 3010.520701
0.485376 2999.889835
0.488518 2989.431154
0.491659 2979.147928
0.494801 2969.033637
0.497942 2959.094741
0.501084 2949.324938
0.504226 2939.727444
0.507367 2930.305257
0.510509 2921.052401
0.513650 2911.974792
0.516792 2903.066674
0.519934 2894.330989
0.523075 2885.770461
0.526217 2877.379663
0.529358 2869.163962
0.532500 2861.118150
0.535642 2853.244896
0.538783 2845.546649
0.541925 2838.018530
0.545066 2830.665358
0.548208 2823.482474
0.551350 2816.472273
0.554491 2809.636927
0.557633 2802.972110
0.560774 2796.482048
0.563916 2790.161272
0.567057 2784.010878
0.570199 2778.023924
0.573341 2772.199371
0.576482 2766.535971
0.579624 2761.027094
0.582765 2755.673223
0.585907 2750.467925
0.589049 2745.409903
0.592190 2740.497674
0.595332 2735.725085
0.598473 2731.092151
0.601615 2726.592898
0.604757 2722.225797
0.607898 2717.989152
0.611040 2713.877242
0.614181 2709.889659
0.617323 2706.020841
0.620465 2702.269051
0.623606 2698.632405
0.626748 2695.105563
0.629889 2691.687745
0.633031 2688.373752
0.636173 2685.161664
0.639314 2682.049430
0.642456 2679.032045
0.645597 2676.108406
0.648739 2673.273628
0.651880 2670.526492
0.655022 2667.862224
0.658164 2665.278687
0.661305 2662.773641
0.664447 2660.342468
0.667588 2657.983691
0.670730 2655.692784
0.673872 2653.467485
0.677013 2651.305447
0.680155 2649.202268
0.683296 2647.156265
0.686438 2645.163110
0.689580 2643.220438
0.692721 2641.325820
0.695863 2639.475026
0.699004 2637.666211
0.702146 2635.895197
0.705288 2634.159543
0.708429 2632.456760
0.711571 2630.782741
0.714712 2629.135526
0.717854 2627.511044
0.720996 2625.906797
0.724137 2624.320264
0.727279 2622.747408
0.730420 2621.186209
0.733562 2619.632648
0.736703 2618.084691
0.739845 2616.538328
0.742987 2614.991027
0.746128 2613.440373
0.749270 2611.884407
0.752411 2610.324757
0.755553 2608.761114
0.758695 2607.194661
0.761836 2605.626583
0.764978 2604.056566
0.768119 2602.486296
0.771261 2600.915457
0.774403 2599.345237
0.777544 2597.776819
0.780686 2596.209890
0.783827 2594.646133
0.786969 2593.085238
0.790111 2591.528388
0.793252 2589.976763
0.796394 2588.430060
0.799535 2586.889950
0.802677 2585.356136
0.805819 2583.829796
0.808960 2582.312097
0.812102 2580.802759
0.815243 2579.303428
0.818385 2577.813834
0.821526 2576.335610
0.824668 2574.868502
0.827810 2573.413668
0.830951 2571.972248
0.834093 2570.544013
0.837234 2569.130555
0.840376 2567.731660
0.843518 2566.348467
0.846659 2564.982094
0.849801 2563.632355
0.852942 2562.300795
0.856084 2560.987253
0.859226 2559.692840
0.862367 2558.418645
0.865509 2557.164541
0.868650 2555.932013
0.871792 2554.720961
0.874934 2553.532467
0.878075 2552.367583
0.881217 2551.226253
0.884358 2550.109890
0.887500 2549.018467
0.890642 2547.953030
0.893783 2546.914590
0.896925 2545.903173
0.900066 2544.920107
0.903208 2543.965452
0.906349 2543.040500
0.909491 2542.145348
0.912633 2541.280982
0.915774 2540.448346
0.918916 2539.647597
0.922057 2538.879929
0.925199 2538.145539
0.928341 2537.445361
0.931482 2536.780197
0.934624 2536.149311
0.937765 2535.552280
0.940907 2534.987891
0.944049 2534.455510
0.947190 2533.954459
0.950332 2533.483588
0.953473 2533.042366
0.956615 2532.629681
0.959757 2532.244846
0.962898 2531.887140
0.966040 2531.555504
0.969181 2531.249318
0.972323 2530.967555
0.975465 2530.709487
0.978606 2530.474352
0.981748 2530.261170
0.984889 2530.069246
0.988031 2529.897626
0.991172 2529.745589
0.994314 2529.612206
0.997456 2529.496698
1.000597 2529.398262
1.003739 2529.316004
1.006880 2529.249145
1.010022 2529.196813
1.013164 2529.158198
1.016305 2529.132476
1.019447 2529.118800
1.022588 2529.116347
1.025730 2529.124284
1.028872 2529.141782
1.032013 2529.168001
1.035155 2529.202125
1.038296 2529.243303
1.041438 2529.290729
1.044580 2529.343560
1.047721 2529.400946
1.050863 2529.462091
1.054004 2529.526126
1.057146 2529.592261
1.060288 2529.659644
1.063429 2529.727422
1.066571 2529.794807
1.069712 2529.860926
1.072854 2529.924989
1.075995 2529.986125
1.079137 2530.043541
1.082279 2530.096386
1.085420 2530.143815
1.088562 2530.185026
1.091703 2530.219162
1.094845 2530.245414
1.097987 2530.262938
1.101128 2530.270903
1.104270 2530.268481
1.107411 2530.254844
1.110553 2530.229151
1.113695 2530.190574
1.116836 2530.138485
1.119978 2530.073338
1.123119 2529.996095
1.126261 2529.907631
1.129403 2529.808890
1.132544 2529.700831
1.135686 2529.584306
1.138827 2529.460313
1.141969 2529.329694
1.145111 2529.193410
1.148252 2529.052429
1.151394 2528.907584
1.154535 2528.759888
1.157677 2528.610171
1.160818 2528.459448
1.163960 2528.308547
1.167102 2528.158438
1.170243 2528.010090
1.173385 2527.864330
1.176526 2527.722174
1.179668 2527.584454
1.182810 2527.452137
1.185951 2527.326185
1.189093 2527.207440
1.192234 2527.096900
1.195376 2526.995417
1.198518 2526.903949
1.201659 2526.823442
1.204801 2526.754769
1.207942 2526.698894
1.211084 2526.656704
1.214226 2526.629141
1.217367 2526.617130
1.220509 2526.621584
1.223650 2526.643423
1.226792 2526.683583
1.229934 2526.742983
1.233075 2526.822515
1.236217 2526.923154
1.239358 2527.045757
1.242500 2527.191323
1.245641 2527.360684
1.248783 2527.554867
1.251925 2527.774747
1.255066 2528.021162
1.258208 2528.295192
1.261349 2528.597584
1.264491 2528.929454
1.267633 2529.291631
1.270774 2529.684908
1.273916 2530.110458
1.277057 2530.568931
1.280199 2531.061542
1.283341 2531.589073
1.286482 2532.152262
1.289624 2532.752388
1.292765 2533.389992
1.295907 2534.066402
1.299049 2534.782343
