0.004712 50083.845797
0.007854 48142.909125
0.010996 46262.360588
0.014137 44441.766628
0.017279 42678.964432
0.020420 40974.072947
0.023562 39325.003032
0.026704 37731.302714
0.029845 36192.449539
0.032987 34706.460089
0.036128 33273.277109
0.039270 31890.984464
0.042412 30559.042881
0.045553 29276.848991
0.048695 28042.582802
0.051836 26856.026825
0.054978 25715.421966
0.058119 24620.491119
0.061261 23569.533528
0.064403 22561.901114
0.067544 21596.890642
0.070686 20672.884083
0.073827 19789.466459
0.076969 18945.071695
0.080111 18138.983570
0.083252 17370.437102
0.086394 16637.939359
0.089535 15940.953459
0.092677 15278.032035
0.095819 14648.398715
0.098960 14051.234752
0.102102 13485.156339
0.105243 12949.520663
0.108385 12442.983094
0.111527 11964.715094
0.114668 11513.852135
0.117810 11089.103567
0.120951 10689.736615
0.124093 10314.493417
0.127235 9962.501251
0.130376 9632.857796
0.133518 9324.349588
0.136659 9036.169860
0.139801 8767.131547
0.142942 8516.402759
0.146084 8282.820280
0.149226 8065.462946
0.152367 7863.388942
0.155509 7675.466029
0.158650 7500.810685
0.161792 7338.308131
0.164934 7187.012187
0.168075 7045.962406
0.171217 6914.065408
0.174358 6790.402007
0.177500 6673.889894
0.180642 6563.565854
0.183783 6458.458797
0.186925 6357.498228
0.190066 6259.745742
0.193208 6164.375503
0.196350 6071.283780
0.199491 5980.465691
0.202633 5891.829978
0.205774 5805.399641
0.208916 5721.086217
0.212058 5638.884125
0.215199 5558.785098
0.218341 5480.704702
0.221482 5404.659221
0.224624 5330.566801
0.227765 5258.441188
0.230907 5188.203023
0.234049 5119.842136
0.237190 5053.345967
0.240332 4988.638743
0.243473 4925.728235
0.246615 4864.540953
0.249757 4805.063766
0.252898 4747.281366
0.256040 4691.123528
0.259181 4636.592582
0.262323 4583.620374
0.265465 4532.191077
0.268606 4482.286903
0.271748 4433.842643
0.274889 4386.855716
0.278031 4341.262772
0.281173 4297.045556
0.284314 4254.184064
0.287456 4212.617573
0.290597 4172.339122
0.293739 4133.289633
0.296881 4095.448689
0.300022 4058.794337
0.303164 4023.269804
0.306305 3988.864286
0.309447 3955.522443
0.312588 3923.232081
0.315730 3891.939207
0.318872 3861.620824
0.322013 3832.252695
0.325155 3803.782689
0.328296 3776.195510
0.331438 3749.440160
0.334580 3723.492118
0.337721 3698.325835
0.340863 3673.891857
0.344004 3650.172317
0.347146 3627.118682
0.350288 3604.705171
0.353429 3582.905192
0.356571 3561.671432
0.359712 3540.983990
0.362854 3520.796259
0.365996 3501.081471
0.369137 3481.812252
0.372279 3462.942902
0.375420 3444.452125
0.378562 3426.304629
0.381704 3408.500102
0.384845 3391.039553
0.387987 3373.907366
0.391128 3357.109954
0.394270 3340.632124
0.397411 3324.479870
0.400553 3308.638412
0.403695 3293.108445
0.406836 3277.890268
0.409978 3262.969695
0.413119 3248.351730
0.416261 3234.022567
0.419403 3219.982410
0.422544 3206.231096
0.425686 3192.755372
0.428827 3179.559321
0.431969 3166.630045
0.435111 3153.967290
0.438252 3141.570466
0.441394 3129.427182
0.444535 3117.540673
0.447677 3105.898875
0.450819 3094.501114
0.453960 3083.346406
0.457102 3072.423153
0.460243 3061.733814
0.463385 3051.267085
0.466527 3041.021908
0.469668 3030.996945
0.472810 3021.181315
0.475951 3011.576771
0.479093 3002.172703
0.482234 2992.970601
0.485376 2983.960111
0.488518 2975.139694
0.491659 2966.507575
0.494801 2958.053758
0.497942 2949.779132
0.501084 2941.673931
0.504226 2933.736321
0.507367 2925.964251
0.510509 2918.348278
0.513650 2910.888755
0.516792 2903.576436
0.519934 2896.409222
0.523075 2889.384830
0.526217 2882.494292
0.529358 2875.737499
0.532500 2869.105652
0.535642 2862.596426
0.538783 2856.207339
0.541925 2849.929827
0.545066 2843.763391
0.548208 2837.699609
0.551350 2831.735962
0.554491 2825.869807
0.557633 2820.092913
0.560774 2814.404511
0.563916 2808.798181
0.567057 2803.276680
0.570199 2797.835797
0.573341 2792.476608
0.576482 2787.200087
0.579624 2782.002179
0.582765 2776.885499
0.585907 2771.846094
0.589049 2766.884910
0.592190 2762.002796
0.595332 2757.195949
0.598473 2752.466734
0.601615 2747.811445
0.604757 2743.230905
0.607898 2738.725843
0.611040 2734.292695
0.614181 2729.933589
0.617323 2725.645055
0.620465 2721.427798
0.623606 2717.282431
0.626748 2713.205621
0.629889 2709.199269
0.633031 2705.260129
0.636173 2701.388793
0.639314 2697.585767
0.642456 2693.847934
0.645597 2690.176980
0.648739 2686.569873
0.651880 2683.028214
0.655022 2679.549055
0.658164 2676.132838
0.661305 2672.779926
0.664447 2669.487490
0.667588 2666.256932
0.670730 2663.085500
0.673872 2659.973538
0.677013 2656.921313
0.680155 2653.926187
0.683296 2650.989374
0.686438 2648.108308
0.689580 2645.283239
0.692721 2642.514345
0.695863 2639.799168
0.699004 2637.138744
0.702146 2634.530683
0.705288 2631.975146
0.708429 2629.472227
0.711571 2627.019639
0.714712 2624.618248
0.717854 2622.265830
0.720996 2619.962464
0.724137 2617.708165
0.727279 2615.500804
0.730420 2613.341090
0.733562 2611.226955
0.736703 2609.159050
0.739845 2607.135364
0.742987 2605.155868
0.746128 2603.220478
0.749270 2601.327298
0.752411 2599.476893
0.755553 2597.667446
0.758695 2595.898913
0.761836 2594.171198
0.764978 2592.482561
0.768119 2590.833439
0.771261 2589.222142
0.774403 2587.648561
0.777544 2586.112541
0.780686 2584.612463
0.783827 2583.148644
0.786969 2581.719513
0.790111 2580.324900
0.793252 2578.964595
0.796394 2577.637092
0.799535 2576.342597
0.802677 2575.079646
0.805819 2573.848017
0.808960 2572.647448
0.812102 2571.476535
0.815243 2570.335385
0.818385 2569.222630
0.821526 2568.138341
0.824668 2567.081188
0.827810 2566.050881
0.830951 2565.047095
0.834093 2564.068553
0.837234 2563.115238
0.840376 2562.185903
0.843518 2561.280217
0.846659 2560.397817
0.849801 2559.537503
0.852942 2558.699181
0.856084 2557.881681
0.859226 2557.084631
0.862367 2556.307638
0.865509 2555.549567
0.868650 2554.810260
0.871792 2554.088609
0.874934 2553.384212
0.878075 2552.696646
0.881217 2552.024833
0.884358 2551.368562
0.887500 2550.726776
0.890642 2550.099047
0.893783 2549.484929
0.896925 2548.883390
0.900066 2548.294175
0.903208 2547.716270
0.906349 2547.149403
0.909491 2546.592574
0.912633 2546.045325
0.915774 2545.507187
0.918916 2544.977179
0.922057 2544.454997
0.925199 2543.939670
0.928341 2543.430727
0.931482 2542.927731
0.934624 2542.430199
0.937765 2541.938533
0.940907 2541.452506
0.944049 2540.972362
0.947190 2540.498339
0.950332 2540.030220
0.953473 2539.568392
0.956615 2539.112646
0.959757 2538.663217
0.962898 2538.220333
0.966040 2537.783798
0.969181 2537.353976
0.972323 2536.930681
0.975465 2536.514138
0.978606 2536.104562
0.981748 2535.701780
0.984889 2535.306134
0.988031 2534.917460
0.991172 2534.536092
0.994314 2534.161874
0.997456 2533.795015
1.000597 2533.435715
1.003739 2533.083832
1.006880 2532.739676
1.010022 2532.403117
1.013164 2532.074350
1.016305 2531.753565
1.019447 2531.440643
1.022588 2531.135870
1.025730 2530.839139
1.028872 2530.550635
1.032013 2530.270534
1.035155 2529.998742
1.038296 2529.735521
1.041438 2529.480789
1.044580 2529.234718
1.047721 2528.997469
1.050863 2528.768978
1.054004 2528.549478
1.057146 2528.338914
1.060288 2528.137446
1.063429 2527.945219
1.066571 2527.762199
1.069712 2527.588588
1.072854 2527.424363
1.075995 2527.269715
1.079137 2527.124633
1.082279 2526.989253
1.085420 2526.863701
1.088562 2526.747985
1.091703 2526.642264
1.094845 2526.546557
1.097987 2526.460988
1.101128 2526.385665
1.104270 2526.320627
1.107411 2526.266001
1.110553 2526.221842
1.113695 2526.188253
1.116836 2526.165279
1.119978 2526.152649
1.123119 2526.149999
1.126261 2526.156959
1.129403 2526.173159
1.132544 2526.198218
1.135686 2526.231784
1.138827 2526.273462
1.141969 2526.322910
1.145111 2526.379745
1.148252 2526.443574
1.151394 2526.514068
1.154535 2526.590811
1.157677 2526.673480
1.160818 2526.761654
1.163960 2526.855017
1.167102 2526.953172
1.170243 2527.055714
1.173385 2527.162338
1.176526 2527.272606
1.179668 2527.386217
1.182810 2527.502766
1.185951 2527.621843
1.189093 2527.743155
1.192234 2527.866252
1.195376 2527.990844
1.198518 2528.116519
1.201659 2528.242868
1.204801 2528.369599
1.207942 2528.496262
1.211084 2528.622567
1.214226 2528.748102
1.217367 2528.872457
1.220509 2528.995342
1.223650 2529.116306
1.226792 2529.235057
1.229934 2529.351184
1.233075 2529.464282
1.236217 2529.574052
1.239358 2529.680054
1.242500 2529.781984
1.245641 2529.879406
1.248783 2529.972013
1.251925 2530.059401
1.255066 2530.141176
1.258208 2530.217017
1.261349 2530.286507
1.264491 2530.349319
1.267633 2530.405059
1.270774 2530.453342
1.273916 2530.493828
1.277057 2530.526120
1.280199 2530.549870
1.283341 2530.564694
1.286482 2530.570221
1.289624 2530.566085
1.292765 2530.551916
1.295907 2530.527337
1.299049 2530.491978
