0.004712 49613.276392
0.007854 47688.363924
0.010996 45823.513517
0.014137 44018.289745
0.017279 42270.542554
0.020420 40580.384280
0.023562 38945.738134
0.026704 37366.150378
0.029845 35841.097185
0.032987 34368.606896
0.036128 32948.616635
0.039270 31579.221640
0.042412 30259.881365
0.045553 28989.991541
0.048695 27767.742982
0.051836 26592.913525
0.054978 25463.754511
0.058119 24379.984522
0.061261 23339.912881
0.064403 22342.890882
0.067544 21388.215019
0.070686 20474.276815
0.073827 19600.657855
0.076969 18765.801274
0.080111 17968.990664
0.083252 17209.461186
0.086394 16485.728621
0.089535 15797.253480
0.092677 15142.596788
0.095819 14520.982396
0.098960 13931.592093
0.102102 13373.049996
0.105243 12844.711466
0.108385 12345.239491
0.111527 11873.806146
0.114668 11429.547810
0.117810 11011.181010
0.120951 10617.971880
0.124093 10248.669453
0.127235 9902.401983
0.130376 9578.268404
0.133518 9275.061730
0.136659 8991.974792
0.139801 8727.826740
0.142942 8481.785545
0.146084 8252.693944
0.149226 8039.632225
0.152367 7841.660269
0.155509 7657.651423
0.158650 7486.722644
0.161792 7327.764498
0.164934 7179.832563
0.168075 7041.968380
0.171217 6913.083568
0.174358 6792.259996
0.177500 6678.420135
0.180642 6570.602814
0.183783 6467.839193
0.186925 6369.063245
0.190066 6273.338143
0.193208 6179.842500
0.196350 6088.475557
0.199491 5999.235672
0.202633 5912.036309
0.205774 5826.903275
0.208916 5743.752648
0.212058 5662.582134
0.215199 5583.386919
0.218341 5506.086861
0.221482 5430.701466
0.224624 5357.153019
0.227765 5285.458636
0.230907 5215.542954
0.234049 5147.399365
0.237190 5081.019010
0.240332 5016.329907
0.243473 4953.343534
0.246615 4891.990071
0.249757 4832.260116
0.252898 4774.142202
0.256040 4717.569608
0.259181 4662.548645
0.262323 4609.014566
0.265465 4556.955409
0.268606 4506.357336
0.271748 4457.158415
0.274889 4409.360264
0.278031 4362.902733
0.281173 4317.771539
0.284314 4273.950708
0.287456 4231.382625
0.290597 4190.064685
0.293739 4149.940867
0.296881 4110.994800
0.300022 4073.208612
0.303164 4036.528531
0.306305 4000.948204
0.309447 3966.415263
0.312588 3932.921989
0.315730 3900.417343
0.318872 3868.882428
0.322013 3838.297115
0.325155 3808.612216
0.328296 3779.816926
0.331438 3751.863196
0.334580 3724.730612
0.337721 3698.397714
0.340863 3672.818020
0.344004 3647.978114
0.347146 3623.832466
0.350288 3600.359377
0.353429 3577.536294
0.356571 3555.318971
0.359712 3533.691850
0.362854 3512.611447
0.365996 3492.055018
0.369137 3471.999151
0.372279 3452.401363
0.375420 3433.244520
0.378562 3414.494781
0.381704 3396.150726
0.384845 3378.211848
0.387987 3360.660569
0.391128 3343.501911
0.394270 3326.718795
0.397411 3310.315751
0.400553 3294.276181
0.403695 3278.599212
0.406836 3263.283507
0.409978 3248.313160
0.413119 3233.691550
0.416261 3219.403212
0.419403 3205.446700
0.422544 3191.820145
0.425686 3178.508717
0.428827 3165.514738
0.431969 3152.823780
0.435111 3140.433873
0.438252 3128.342666
0.441394 3116.536305
0.444535 3105.016154
0.447677 3093.768724
0.450819 3082.791571
0.453960 3072.081908
0.457102 3061.626762
0.460243 3051.426637
0.463385 3041.468883
0.466527 3031.750632
0.469668 3022.268711
0.472810 3013.010929
0.475951 3003.977026
0.479093 2995.155097
0.482234 2986.544605
0.485376 2978.133915
0.488518 2969.919644
0.491659 2961.898161
0.494801 2954.058205
0.497942 2946.398614
0.501084 2938.908358
0.504226 2931.583747
0.507367 2924.420881
0.510509 2917.409046
0.513650 2910.546554
0.516792 2903.822880
0.519934 2897.234077
0.523075 2890.776026
0.526217 2884.438460
0.529358 2878.219263
0.532500 2872.108320
0.535642 2866.101474
0.538783 2860.194434
0.541925 2854.377286
0.545066 2848.647581
0.548208 2842.995517
0.551350 2837.416776
0.554491 2831.906945
0.557633 2826.456363
0.560774 2821.062431
0.563916 2815.718383
0.567057 2810.427589
0.570199 2805.186847
0.573341 2799.998017
0.576482 2794.862890
0.579624 2789.778363
0.582765 2784.747840
0.585907 2779.768283
0.589049 2774.841467
0.592190 2769.969103
0.595332 2765.148254
0.598473 2760.382154
0.601615 2755.667936
0.604757 2751.007290
0.607898 2746.401842
0.611040 2741.848825
0.614181 2737.351302
0.617323 2732.906578
0.620465 2728.516257
0.623606 2724.181878
0.626748 2719.900848
0.629889 2715.676056
0.633031 2711.504980
0.636173 2707.389139
0.639314 2703.329983
0.642456 2699.325094
0.645597 2695.377187
0.648739 2691.483914
0.651880 2687.647920
0.655022 2683.866928
0.658164 2680.142335
0.661305 2676.475465
0.664447 2672.864151
0.667588 2669.310855
0.670730 2665.813484
0.673872 2662.373342
0.677013 2658.991663
0.680155 2655.666462
0.683296 2652.400019
0.686438 2649.190422
0.689580 2646.038886
0.692721 2642.946552
0.695863 2639.911618
0.699004 2636.936181
0.702146 2634.018514
0.705288 2631.159738
0.708429 2628.360903
0.711571 2625.620391
0.714712 2622.940114
0.717854 2620.318531
0.720996 2617.756671
0.724137 2615.255487
0.727279 2612.813552
0.730420 2610.432588
0.733562 2608.111244
0.736703 2605.851164
0.739845 2603.651076
0.742987 2601.511873
0.746128 2599.434335
0.749270 2597.416587
0.752411 2595.458802
0.755553 2593.558603
0.758695 2591.715494
0.761836 2589.928903
0.764978 2588.196565
0.768119 2586.518452
0.771261 2584.892367
0.774403 2583.317722
0.777544 2581.793865
0.780686 2580.318696
0.783827 2578.892024
0.786969 2577.511811
0.790111 2576.177390
0.793252 2574.888035
0.796394 2573.641793
0.799535 2572.438330
0.802677 2571.275750
0.805819 2570.153313
0.808960 2569.070227
0.812102 2568.024673
0.815243 2567.016188
0.818385 2566.042999
0.821526 2565.104598
0.824668 2564.199257
0.827810 2563.326150
0.830951 2562.484410
0.834093 2561.672373
0.837234 2560.889425
0.840376 2560.133939
0.843518 2559.405038
0.846659 2558.701813
0.849801 2558.022686
0.852942 2557.366960
0.856084 2556.733088
0.859226 2556.120153
0.862367 2555.527210
0.865509 2554.952753
0.868650 2554.396017
0.871792 2553.855519
0.874934 2553.330309
0.878075 2552.819418
0.881217 2552.321389
0.884358 2551.835412
0.887500 2551.360047
0.890642 2550.894322
0.893783 2550.437249
0.896925 2549.987409
0.900066 2549.543959
0.903208 2549.105487
0.906349 2548.671143
0.909491 2548.239520
0.912633 2547.809628
0.915774 2547.380473
0.918916 2546.950653
0.922057 2546.519311
0.925199 2546.085045
0.928341 2545.646860
0.931482 2545.203863
0.934624 2544.755666
0.937765 2544.302974
0.940907 2543.845926
0.944049 2543.385092
0.947190 2542.921047
0.950332 2542.453922
0.953473 2541.984440
0.956615 2541.512730
0.959757 2541.039367
0.962898 2540.564929
0.966040 2540.089541
0.969181 2539.613931
0.972323 2539.138224
0.975465 2538.662997
0.978606 2538.188829
0.981748 2537.715843
0.984889 2537.244767
0.988031 2536.775729
0.991172 2536.309452
0.994314 2535.846067
0.997456 2535.386149
1.000597 2534.930269
1.003739 2534.478564
1.006880 2534.031748
1.010022 2533.589962
1.013164 2533.153778
1.016305 2532.723756
1.019447 2532.300050
1.022588 2531.883357
1.025730 2531.473836
1.028872 2531.072050
1.032013 2530.678548
1.035155 2530.293507
1.038296 2529.917598
1.041438 2529.551009
1.044580 2529.194286
1.047721 2528.847966
1.050863 2528.512255
1.054004 2528.187793
1.057146 2527.874799
1.060288 2527.573806
1.063429 2527.285330
1.066571 2527.009614
1.069712 2526.747261
1.072854 2526.498528
1.075995 2526.264002
1.079137 2526.043960
1.082279 2525.838905
1.085420 2525.649321
1.088562 2525.475516
1.091703 2525.318025
1.094845 2525.177175
1.097987 2525.053446
1.101128 2524.947295
1.104270 2524.859082
1.107411 2524.789288
1.110553 2524.738297
1.113695 2524.706559
1.116836 2524.694369
1.119978 2524.701185
1.123119 2524.726154
1.126261 2524.768444
1.129403 2524.827198
1.132544 2524.901542
1.135686 2524.990674
1.138827 2525.093688
1.141969 2525.209800
1.145111 2525.338130
1.148252 2525.477783
1.151394 2525.627997
1.154535 2525.787829
1.157677 2525.956530
1.160818 2526.133145
1.163960 2526.316937
1.167102 2526.507001
1.170243 2526.702424
1.173385 2526.902482
1.176526 2527.106198
1.179668 2527.312852
1.182810 2527.521532
1.185951 2527.731320
1.189093 2527.941501
1.192234 2528.151091
1.195376 2528.359376
1.198518 2528.565438
1.201659 2528.768364
1.204801 2528.967434
1.207942 2529.161672
1.211084 2529.350353
1.214226 2529.532565
1.217367 2529.707403
1.220509 2529.874129
1.223650 2530.031788
1.226792 2530.179633
1.229934 2530.316760
1.233075 2530.442283
1.236217 2530.555432
1.239358 2530.655286
1.242500 2530.741060
1.245641 2530.811850
1.248783 2530.866851
1.251925 2530.905190
1.255066 2530.926013
1.258208 2530.928483
1.261349 2530.911750
1.264491 2530.874955
1.267633 2530.817250
1.270774 2530.737814
1.273916 2530.635748
1.277057 2530.510266
1.280199 2530.360441
1.283341 2530.185459
1.286482 2529.984538
1.289624 2529.756701
1.292765 2529.501245
1.295907 2529.217156
1.299049 2528.903663
