0.004712 49458.704394
0.007854 47541.316866
0.010996 45683.745090
0.014137 43885.555564
0.017279 42144.606838
0.020420 40461.011044
0.023562 38832.699696
0.026704 37259.221057
0.029845 35740.053586
0.032987 34273.233498
0.036128 32858.698430
0.039270 31494.551220
0.042412 30180.253675
0.045553 28915.204145
0.048695 27697.600651
0.051836 26527.222194
0.054978 25402.327078
0.058119 24322.635292
0.061261 23286.462880
0.064403 22293.163937
0.067544 21342.037979
0.070686 20431.482913
0.073827 19561.082295
0.076969 18729.285435
0.080111 17935.378999
0.083252 17178.601424
0.086394 16457.474366
0.089535 15771.460803
0.092677 15119.127449
0.095819 14499.701479
0.098960 13912.368171
0.102102 13355.757078
0.105243 12829.226454
0.108385 12331.444566
0.111527 11861.587016
0.114668 11418.793863
0.117810 11001.786691
0.120951 10609.834893
0.124093 10241.692425
0.127235 9896.491254
0.130376 9573.334140
0.133518 9271.018846
0.136659 8988.741758
0.139801 8725.326669
0.142942 8479.945202
0.146084 8251.444644
0.149226 8038.909185
0.152367 7841.402693
0.155509 7657.802939
0.158650 7487.230740
0.161792 7328.581016
0.164934 7180.913348
0.168075 7043.273339
0.171217 6914.576876
0.174358 6793.909830
0.177500 6680.198898
0.180642 6572.486979
0.183783 6469.809337
0.186925 6371.104122
0.190066 6275.438584
0.193208 6181.994531
0.196350 6090.671796
0.199491 6001.468931
0.202633 5914.299628
0.205774 5829.189874
0.208916 5746.055968
0.212058 5664.895810
0.215199 5585.704787
0.218341 5508.402967
0.221482 5433.010056
0.224624 5359.448540
0.227765 5287.735745
0.230907 5217.796500
0.234049 5149.624406
0.237190 5083.210817
0.240332 5018.483934
0.243473 4955.455461
0.246615 4894.055756
0.249757 4834.275632
0.252898 4776.103842
0.256040 4719.473836
0.259181 4664.392163
0.262323 4610.794241
0.265465 4558.668330
0.268606 4508.000818
0.271748 4458.729932
0.274889 4410.857537
0.278031 4364.323642
0.281173 4319.114188
0.284314 4275.213431
0.287456 4232.563908
0.290597 4191.163270
0.293739 4150.955644
0.296881 4111.924890
0.300022 4074.053367
0.303164 4037.287451
0.306305 4001.621047
0.309447 3967.001935
0.312588 3933.422654
0.315730 3900.832312
0.318872 3869.212246
0.322013 3838.542554
0.325155 3808.774199
0.328296 3779.896631
0.331438 3751.861953
0.334580 3724.649980
0.337721 3698.239479
0.340863 3672.584124
0.344004 3647.670747
0.347146 3623.453976
0.350288 3599.912339
0.353429 3577.023507
0.356571 3554.743394
0.359712 3533.056687
0.362854 3511.920066
0.365996 3491.311009
0.369137 3471.206324
0.372279 3451.563698
0.375420 3432.366228
0.378562 3413.580144
0.381704 3395.203943
0.384845 3377.237014
0.387987 3359.661649
0.391128 3342.482771
0.394270 3325.683176
0.397411 3309.267290
0.400553 3293.218396
0.403695 3277.535511
0.406836 3262.217185
0.409978 3247.247399
0.413119 3232.629417
0.416261 3218.347662
0.419403 3204.400577
0.422544 3190.786175
0.425686 3177.489519
0.428827 3164.512810
0.431969 3151.841517
0.435111 3139.473553
0.438252 3127.406444
0.441394 3115.626240
0.444535 3104.134175
0.447677 3092.916664
0.450819 3081.971142
0.453960 3071.294698
0.457102 3060.874267
0.460243 3050.710217
0.463385 3040.789809
0.466527 3031.110050
0.469668 3021.667641
0.472810 3012.450304
0.475951 3003.457639
0.479093 2994.677655
0.482234 2986.109676
0.485376 2977.741979
0.488518 2969.571055
0.491659 2961.593148
0.494801 2953.796909
0.497942 2946.181036
0.501084 2938.734414
0.504226 2931.453227
0.507367 2924.333446
0.510509 2917.364273
0.513650 2910.543879
0.516792 2903.861653
0.519934 2897.313522
0.523075 2890.895240
0.526217 2884.596454
0.529358 2878.414908
0.532500 2872.340400
0.535642 2866.368646
0.538783 2860.495233
0.541925 2854.710155
0.545066 2849.010829
0.548208 2843.387359
0.551350 2837.835304
0.554491 2832.350131
0.557633 2826.922081
0.560774 2821.548431
0.563916 2816.222390
0.567057 2810.947376
0.570199 2805.720255
0.573341 2800.542944
0.576482 2795.417292
0.579624 2790.340263
0.582765 2785.315317
0.585907 2780.339481
0.589049 2775.414590
0.592190 2770.542414
0.595332 2765.720079
0.598473 2760.950880
0.601615 2756.232009
0.604757 2751.565219
0.607898 2746.952198
0.611040 2742.390236
0.614181 2737.882464
0.617323 2733.426239
0.620465 2729.023231
0.623606 2724.675044
0.626748 2720.379136
0.629889 2716.138470
0.633031 2711.950571
0.636173 2707.817026
0.639314 2703.739352
0.642456 2699.715179
0.645597 2695.747297
0.648739 2691.833405
0.651880 2687.976223
0.655022 2684.173522
0.658164 2680.426765
0.661305 2676.737346
0.664447 2673.103143
0.667588 2669.526695
0.670730 2666.005954
0.673872 2662.542294
0.677013 2659.137017
0.680155 2655.788183
0.683296 2652.498149
0.686438 2649.265049
0.689580 2646.090166
0.692721 2642.974711
0.695863 2639.916926
0.699004 2636.918985
0.702146 2633.979207
0.705288 2631.098782
0.708429 2628.278826
0.711571 2625.517772
0.714712 2622.817603
0.717854 2620.176827
0.720996 2617.596541
0.724137 2615.077765
0.727279 2612.619121
0.730420 2610.222403
0.733562 2607.886311
0.736703 2605.612558
0.739845 2603.399926
0.742987 2601.249375
0.746128 2599.161742
0.749270 2597.135157
0.752411 2595.169763
0.755553 2593.263144
0.758695 2591.414770
0.761836 2589.624038
0.764978 2587.888642
0.768119 2586.208523
0.771261 2584.581446
0.774403 2583.006790
0.777544 2581.483868
0.780686 2580.010543
0.783827 2578.586591
0.786969 2577.209939
0.790111 2575.879884
0.793252 2574.595662
0.796394 2573.355292
0.799535 2572.158398
0.802677 2571.003053
0.805819 2569.888481
0.808960 2568.813852
0.812102 2567.777318
0.815243 2566.778373
0.818385 2565.815218
0.821526 2564.887301
0.824668 2563.992867
0.827810 2563.131051
0.830951 2562.300948
0.834093 2561.500865
0.837234 2560.730147
0.840376 2559.987138
0.843518 2559.270923
0.846659 2558.580553
0.849801 2557.914424
0.852942 2557.271796
0.856084 2556.651094
0.859226 2556.051363
0.862367 2555.471618
0.865509 2554.910325
0.868650 2554.366679
0.871792 2553.839167
0.874934 2553.326801
0.878075 2552.828573
0.881217 2552.342999
0.884358 2551.869226
0.887500 2551.405786
0.890642 2550.951668
0.893783 2550.505848
0.896925 2550.066876
0.900066 2549.633867
0.903208 2549.205382
0.906349 2548.780530
0.909491 2548.357874
0.912633 2547.936385
0.915774 2547.515033
0.918916 2547.092386
0.922057 2546.667546
0.925199 2546.239081
0.928341 2545.805958
0.931482 2545.367253
0.934624 2544.922582
0.937765 2544.472675
0.940907 2544.017695
0.944049 2543.558235
0.947190 2543.094896
0.950332 2542.627832
0.953473 2542.157793
0.956615 2541.684929
0.959757 2541.209841
0.962898 2540.733132
0.966040 2540.254950
0.969181 2539.776049
0.972323 2539.296576
0.975465 2538.817134
0.978606 2538.338327
0.981748 2537.860300
0.984889 2537.383809
0.988031 2536.909001
0.991172 2536.436630
0.994314 2535.966845
0.997456 2535.500248
1.000597 2535.037438
1.003739 2534.578570
1.006880 2534.124387
1.010022 2533.675052
1.013164 2533.231160
1.016305 2532.793301
1.019447 2532.361648
1.022588 2531.936925
1.025730 2531.519313
1.028872 2531.109401
1.032013 2530.707764
1.035155 2530.314600
1.038296 2529.930608
1.041438 2529.555995
1.044580 2529.191336
1.047721 2528.837193
1.050863 2528.493791
1.054004 2528.161801
1.057146 2527.841461
1.060288 2527.533330
1.063429 2527.237951
1.066571 2526.955588
1.069712 2526.686870
1.072854 2526.432077
1.075995 2526.191823
1.079137 2525.966406
1.082279 2525.756354
1.085420 2525.562180
1.088562 2525.384209
1.091703 2525.223007
1.094845 2525.078921
1.097987 2524.952457
1.101128 2524.844097
1.104270 2524.754223
1.107411 2524.683343
1.110553 2524.631863
1.113695 2524.600260
1.116836 2524.588845
1.119978 2524.597058
1.123119 2524.624010
1.126261 2524.668835
1.129403 2524.730643
1.132544 2524.808524
1.135686 2524.901643
1.138827 2525.009058
1.141969 2525.129953
1.145111 2525.263413
1.148252 2525.408505
1.151394 2525.564439
1.154535 2525.730232
1.157677 2525.905106
1.160818 2526.088066
1.163960 2526.278345
1.167102 2526.475002
1.170243 2526.677088
1.173385 2526.883849
1.176526 2527.094269
1.179668 2527.307598
1.182810 2527.522887
1.185951 2527.739182
1.189093 2527.955737
1.192234 2528.171532
1.195376 2528.385821
1.198518 2528.597649
1.201659 2528.806069
1.204801 2529.010328
1.207942 2529.209413
1.211084 2529.402569
1.214226 2529.588845
1.217367 2529.767304
1.220509 2529.937175
1.223650 2530.097467
1.226792 2530.247398
1.229934 2530.386031
1.233075 2530.512445
1.236217 2530.625836
1.239358 2530.725249
1.242500 2530.809863
1.245641 2530.878742
1.248783 2530.931045
1.251925 2530.965865
1.255066 2530.982314
1.258208 2530.979521
1.261349 2530.956603
1.264491 2530.912662
1.267633 2530.846818
1.270774 2530.758220
1.273916 2530.645927
1.277057 2530.509127
1.280199 2530.346850
1.283341 2530.158252
1.286482 2529.942521
1.289624 2529.698636
1.292765 2529.425871
1.295907 2529.123166
1.299049 2528.789721
