0.004712 49843.891455
0.007854 47908.760316
0.010996 46033.996714
0.014137 44219.163480
0.017279 42462.099690
0.020420 40762.918857
0.023562 39119.533698
0.026704 37531.488637
0.029845 35998.257654
0.032987 34517.859131
0.036128 33090.230475
0.039270 31713.457309
0.042412 30386.996805
0.045553 29110.242087
0.048695 27881.374847
0.051836 26700.172381
0.054978 25564.877223
0.058119 24475.207108
0.061261 23429.462851
0.064403 22426.992908
0.067544 21467.090647
0.070686 20548.139512
0.073827 19669.719528
0.076969 18830.266019
0.080111 18029.059388
0.083252 17265.331345
0.086394 16537.590248
0.089535 15845.294407
0.092677 15186.997663
0.095819 14561.920357
0.098960 13969.240548
0.102102 13407.575503
0.105243 12876.277820
0.108385 12374.003854
0.111527 11899.921890
0.114668 11453.164327
0.117810 11032.441349
0.120951 10637.015839
0.124093 10265.630665
0.127235 9917.410056
0.130376 9591.448754
0.133518 9286.533858
0.136659 9001.854534
0.139801 8736.224167
0.142942 8488.806920
0.146084 8258.439902
0.149226 8044.199102
0.152367 7845.139978
0.155509 7660.130434
0.158650 7488.283312
0.161792 7328.483843
0.164934 7179.783153
0.168075 7041.218244
0.171217 6911.695537
0.174358 6790.292555
0.177500 6675.926648
0.180642 6567.632084
0.183783 6464.435404
0.186925 6365.265548
0.190066 6269.181193
0.193208 6175.356961
0.196350 6083.691036
0.199491 5994.181102
0.202633 5906.739696
0.205774 5821.392023
0.208916 5738.053270
0.212058 5656.720459
0.215199 5577.388060
0.218341 5499.975091
0.221482 5424.500371
0.224624 5350.885375
0.227765 5279.146506
0.230907 5209.207616
0.234049 5141.061362
0.237190 5074.698117
0.240332 5010.045158
0.243473 4947.113182
0.246615 4885.831650
0.249757 4826.190390
0.252898 4768.177143
0.256040 4711.724499
0.259181 4656.837938
0.262323 4603.452043
0.265465 4551.554056
0.268606 4501.129326
0.271748 4452.115277
0.274889 4404.512653
0.278031 4358.260673
0.281173 4313.344239
0.284314 4269.746549
0.287456 4227.409373
0.290597 4186.329206
0.293739 4146.449422
0.296881 4107.752819
0.300022 4070.220690
0.303164 4033.798667
0.306305 3998.479480
0.309447 3964.210170
0.312588 3930.982095
0.315730 3898.743630
0.318872 3867.475039
0.322013 3837.155353
0.325155 3807.734796
0.328296 3779.201640
0.331438 3751.507250
0.334580 3724.630370
0.337721 3698.548705
0.340863 3673.215180
0.344004 3648.615465
0.347146 3624.703428
0.350288 3601.456538
0.353429 3578.851417
0.356571 3556.843203
0.359712 3535.415451
0.362854 3514.524046
0.365996 3494.145425
0.369137 3474.255369
0.372279 3454.810746
0.375420 3435.793572
0.378562 3417.169724
0.381704 3398.938026
0.384845 3381.098301
0.387987 3363.633396
0.391128 3346.548636
0.394270 3329.827348
0.397411 3313.474385
0.400553 3297.473540
0.403695 3281.824280
0.406836 3266.525627
0.409978 3251.562044
0.413119 3236.937266
0.416261 3222.636185
0.419403 3208.657715
0.422544 3195.000359
0.425686 3181.649626
0.428827 3168.608223
0.431969 3155.862051
0.435111 3143.409516
0.438252 3131.248648
0.441394 3119.365909
0.444535 3107.763072
0.447677 3096.426954
0.450819 3085.355498
0.453960 3074.546308
0.457102 3063.986708
0.460243 3053.677628
0.463385 3043.606708
0.466527 3033.771476
0.469668 3024.169155
0.472810 3014.787838
0.475951 3005.627705
0.479093 2996.677129
0.482234 2987.936015
0.485376 2979.393004
0.488518 2971.045115
0.491659 2962.889119
0.494801 2954.914031
0.497942 2947.119133
0.501084 2939.493669
0.504226 2932.034352
0.507367 2924.737685
0.510509 2917.593229
0.513650 2910.599738
0.516792 2903.746965
0.519934 2897.031366
0.523075 2890.449218
0.526217 2883.990538
0.529358 2877.653644
0.532500 2871.428708
0.535642 2865.311970
0.538783 2859.299533
0.541925 2853.381774
0.545066 2847.556668
0.548208 2841.814713
0.551350 2836.151981
0.554491 2830.564444
0.557633 2825.042751
0.560774 2819.584700
0.563916 2814.183598
0.567057 2808.842682
0.570199 2803.558528
0.573341 2798.332822
0.576482 2793.167176
0.579624 2788.058279
0.582765 2783.009360
0.585907 2778.017180
0.589049 2773.083333
0.592190 2768.209339
0.595332 2763.392072
0.598473 2758.634574
0.601615 2753.933793
0.604757 2749.291230
0.607898 2744.708313
0.611040 2740.182099
0.614181 2735.715448
0.617323 2731.305491
0.620465 2726.953638
0.623606 2722.661222
0.626748 2718.425487
0.629889 2714.249107
0.633031 2710.129399
0.636173 2706.067680
0.639314 2702.065190
0.642456 2698.119359
0.645597 2694.232676
0.648739 2690.402642
0.651880 2686.631672
0.655022 2682.917343
0.658164 2679.260841
0.661305 2675.663279
0.664447 2672.122343
0.667588 2668.640265
0.670730 2665.214804
0.673872 2661.847056
0.677013 2658.538040
0.680155 2655.285628
0.683296 2652.091866
0.686438 2648.954699
0.689580 2645.875128
0.692721 2642.854085
0.695863 2639.889621
0.699004 2636.983601
0.702146 2634.134151
0.705288 2631.342184
0.708429 2628.608537
0.711571 2625.931446
0.714712 2623.312592
0.717854 2620.750286
0.720996 2618.245346
0.724137 2615.798521
0.727279 2613.408228
0.730420 2611.075966
0.733562 2608.800227
0.736703 2606.582438
0.739845 2604.421161
0.742987 2602.317091
0.746128 2600.270815
0.749270 2598.280454
0.752411 2596.346268
0.755553 2594.466003
0.758695 2592.639263
0.761836 2590.865581
0.764978 2589.142807
0.768119 2587.471017
0.771261 2585.848124
0.774403 2584.273647
0.777544 2582.747042
0.780686 2581.266317
0.783827 2579.831392
0.786969 2578.440333
0.790111 2577.092581
0.793252 2575.787524
0.796394 2574.523308
0.799535 2573.299719
0.802677 2572.114954
0.805819 2570.968389
0.808960 2569.859349
0.812102 2568.786105
0.815243 2567.748321
0.818385 2566.744313
0.821526 2565.773700
0.824668 2564.834842
0.827810 2563.927032
0.830951 2563.049522
0.834093 2562.200733
0.837234 2561.380183
0.840376 2560.586329
0.843518 2559.818414
0.846659 2559.075649
0.849801 2558.356539
0.852942 2557.660522
0.856084 2556.986133
0.859226 2556.332574
0.862367 2555.699023
0.865509 2555.084055
0.868650 2554.487041
0.871792 2553.906578
0.874934 2553.341838
0.878075 2552.791971
0.881217 2552.255607
0.884358 2551.732064
0.887500 2551.219990
0.890642 2550.718529
0.893783 2550.226816
0.896925 2549.743517
0.900066 2549.267917
0.903208 2548.798692
0.906349 2548.335120
0.909491 2547.875884
0.912633 2547.420110
0.915774 2546.966922
0.918916 2546.515009
0.922057 2546.063637
0.925199 2545.611497
0.928341 2545.157712
0.931482 2544.701489
0.934624 2544.242418
0.937765 2543.781138
0.940907 2543.317707
0.944049 2542.852623
0.947190 2542.386386
0.950332 2541.919051
0.953473 2541.451267
0.956615 2540.983088
0.959757 2540.515015
0.962898 2540.047548
0.966040 2539.580740
0.969181 2539.115241
0.972323 2538.651105
0.975465 2538.188834
0.978606 2537.728924
0.981748 2537.271434
0.984889 2536.817008
0.988031 2536.365707
0.991172 2535.918170
0.994314 2535.474464
0.997456 2535.035084
1.000597 2534.600519
1.003739 2534.170843
1.006880 2533.746683
1.010022 2533.328118
1.013164 2532.915638
1.016305 2532.509722
1.019447 2532.110463
1.022588 2531.718467
1.025730 2531.333836
1.028872 2530.957047
1.032013 2530.588568
1.035155 2530.228517
1.038296 2529.877474
1.041438 2529.535566
1.044580 2529.203260
1.047721 2528.881007
1.050863 2528.568954
1.054004 2528.267651
1.057146 2527.977259
1.060288 2527.698226
1.063429 2527.430987
1.066571 2527.175724
1.069712 2526.932950
1.072854 2526.702864
1.075995 2526.485962
1.079137 2526.282458
1.082279 2526.092776
1.085420 2525.917320
1.088562 2525.756330
1.091703 2525.610261
1.094845 2525.479371
1.097987 2525.364060
1.101128 2525.264709
1.104270 2525.181608
1.107411 2525.115159
1.110553 2525.065673
1.113695 2525.033525
1.116836 2525.018954
1.119978 2525.021477
1.123119 2525.040351
1.126261 2525.074842
1.129403 2525.124205
1.132544 2525.187673
1.135686 2525.264542
1.138827 2525.354020
1.141969 2525.455421
1.145111 2525.567974
1.148252 2525.690894
1.151394 2525.823516
1.154535 2525.965012
1.157677 2526.114729
1.160818 2526.271828
1.163960 2526.435665
1.167102 2526.605447
1.170243 2526.780374
1.173385 2526.959814
1.176526 2527.142910
1.179668 2527.329033
1.182810 2527.517382
1.185951 2527.707154
1.189093 2527.897724
1.192234 2528.088229
1.195376 2528.278045
1.198518 2528.466369
1.201659 2528.652397
1.204801 2528.835505
1.207942 2529.014832
1.211084 2529.189749
1.214226 2529.359455
1.217367 2529.523153
1.220509 2529.680205
1.223650 2529.829768
1.226792 2529.971193
1.229934 2530.103687
1.233075 2530.226468
1.236217 2530.338872
1.239358 2530.440084
1.242500 2530.529423
1.245641 2530.606090
1.248783 2530.669390
1.251925 2530.718553
1.255066 2530.752826
1.258208 2530.771487
1.261349 2530.773781
1.264491 2530.758966
1.267633 2530.726295
1.270774 2530.675042
1.273916 2530.604433
1.277057 2530.513767
1.280199 2530.402244
1.283341 2530.269145
1.286482 2530.113781
1.289624 2529.935307
1.292765 2529.733094
1.295907 2529.506270
1.299049 2529.254152
