0.004712 49343.710053
0.007854 47432.105483
0.010996 45580.122064
0.014137 43787.327934
0.017279 42051.588404
0.020420 40373.015612
0.023562 38749.547599
0.026704 37180.734324
0.029845 35666.056172
0.032987 34203.555540
0.036128 32793.170642
0.039270 31433.010283
0.042412 30122.538249
0.045553 28861.155073
0.048695 27647.064437
0.051836 26480.046431
0.054978 25358.364822
0.058119 24281.740878
0.061261 23248.495925
0.064403 22257.986381
0.067544 21309.514266
0.070686 20401.482504
0.073827 19533.476367
0.076969 18703.950016
0.080111 17912.192661
0.083252 17157.445436
0.086394 16438.234618
0.089535 15754.025286
0.092677 15103.388633
0.095819 14485.554564
0.098960 13899.711228
0.102102 13344.492450
0.105243 12819.258923
0.108385 12322.683065
0.111527 11853.943378
0.114668 11412.182930
0.117810 10996.127289
0.120951 10605.048566
0.124093 10237.704599
0.127235 9893.230391
0.130376 9570.731830
0.133518 9269.010422
0.136659 8987.265501
0.139801 8724.324523
0.142942 8479.362135
0.146084 8251.229215
0.149226 8039.013138
0.152367 7841.781018
0.155509 7658.414125
0.158650 7488.036454
0.161792 7329.546374
0.164934 7182.006724
0.168075 7044.466404
0.171217 6915.844693
0.174358 6795.230738
0.177500 6681.554594
0.180642 6573.862467
0.183783 6471.192947
0.186925 6372.487514
0.190066 6276.816742
0.193208 6183.364953
0.196350 6092.032394
0.199491 6002.817688
0.202633 5915.634587
0.205774 5830.509158
0.208916 5747.357756
0.212058 5666.178356
0.215199 5586.966419
0.218341 5509.642068
0.221482 5434.225094
0.224624 5360.638033
0.227765 5288.898298
0.230907 5218.930767
0.234049 5150.729120
0.237190 5084.284788
0.240332 5019.526022
0.243473 4956.464614
0.246615 4895.030969
0.249757 4835.215980
0.252898 4777.008479
0.256040 4720.341962
0.259181 4665.223070
0.262323 4611.587265
0.265465 4559.422888
0.268606 4508.716406
0.271748 4459.406091
0.274889 4411.493903
0.278031 4364.919892
0.281173 4319.670080
0.284314 4275.728806
0.287456 4233.038648
0.290597 4191.597352
0.293739 4151.349088
0.296881 4112.277796
0.300022 4074.365918
0.303164 4037.559871
0.306305 4001.853655
0.309447 3967.195093
0.312588 3933.576817
0.315730 3900.947980
0.318872 3869.289998
0.322013 3838.583050
0.325155 3808.778144
0.328296 3779.864822
0.331438 3751.795231
0.334580 3724.549268
0.337721 3698.105777
0.340863 3672.418480
0.344004 3647.474299
0.347146 3623.227910
0.350288 3599.657919
0.353429 3576.742073
0.356571 3554.436340
0.359712 3532.725489
0.362854 3511.566253
0.365996 3490.936189
0.369137 3470.812177
0.372279 3451.151961
0.375420 3431.938718
0.378562 3413.138693
0.381704 3394.750350
0.384845 3376.773029
0.387987 3359.188968
0.391128 3342.003046
0.394270 3325.198003
0.397411 3308.778223
0.400553 3292.726935
0.403695 3277.043107
0.406836 3261.725243
0.409978 3246.757272
0.413119 3232.142408
0.416261 3217.865030
0.419403 3203.923526
0.422544 3190.315860
0.425686 3177.027051
0.428827 3164.059244
0.431969 3151.397866
0.435111 3139.040776
0.438252 3126.985449
0.441394 3115.217892
0.444535 3103.739282
0.447677 3092.535994
0.450819 3081.605409
0.453960 3070.944561
0.457102 3060.540346
0.460243 3050.393073
0.463385 3040.489965
0.466527 3030.827974
0.469668 3021.403746
0.472810 3012.204964
0.475951 3003.231169
0.479093 2994.470332
0.482234 2985.921714
0.485376 2977.573557
0.488518 2969.422298
0.491659 2961.464121
0.494801 2953.687644
0.497942 2946.091503
0.501084 2938.664545
0.504226 2931.402898
0.507367 2924.302480
0.510509 2917.352454
0.513650 2910.550929
0.516792 2903.887260
0.519934 2897.357316
0.523075 2890.956797
0.526217 2884.675312
0.529358 2878.510545
0.532500 2872.452255
0.535642 2866.496104
0.538783 2860.637624
0.541925 2854.866770
0.545066 2849.180901
0.548208 2843.570080
0.551350 2838.029812
0.554491 2832.555512
0.557633 2827.137379
0.560774 2821.772634
0.563916 2816.454479
0.567057 2811.186350
0.570199 2805.965146
0.573341 2800.792808
0.576482 2795.671213
0.579624 2790.597354
0.582765 2785.574717
0.585907 2780.600357
0.589049 2775.676136
0.592190 2770.803853
0.595332 2765.980659
0.598473 2761.209880
0.601615 2756.488732
0.604757 2751.818997
0.607898 2747.202392
0.611040 2742.636231
0.614181 2738.123677
0.617323 2733.662109
0.620465 2729.253228
0.623606 2724.898667
0.626748 2720.595907
0.629889 2716.347943
0.633031 2712.152323
0.636173 2708.010665
0.639314 2703.924514
0.642456 2699.891524
0.645597 2695.914516
0.648739 2691.991213
0.651880 2688.124367
0.655022 2684.311770
0.658164 2680.554917
0.661305 2676.855232
0.664447 2673.210614
0.667588 2669.623637
0.670730 2666.092272
0.673872 2662.617924
0.677013 2659.201928
0.680155 2655.842363
0.683296 2652.541621
0.686438 2649.297856
0.689580 2646.112382
0.692721 2642.986441
0.695863 2639.918297
0.699004 2636.910156
0.702146 2633.960359
0.705288 2631.070128
0.708429 2628.240608
0.711571 2625.470253
0.714712 2622.761080
0.717854 2620.111619
0.720996 2617.522998
0.724137 2614.996265
0.727279 2612.530067
0.730420 2610.126228
0.733562 2607.783471
0.736703 2605.503544
0.739845 2603.285249
0.742987 2601.129576
0.746128 2599.037392
0.749270 2597.006825
0.752411 2595.038006
0.755553 2593.128501
0.758695 2591.277765
0.761836 2589.485180
0.764978 2587.748422
0.768119 2586.067418
0.771261 2584.439917
0.774403 2582.865282
0.777544 2581.342807
0.780686 2579.870344
0.783827 2578.447649
0.786969 2577.072636
0.790111 2575.744584
0.793252 2574.462715
0.796394 2573.225030
0.799535 2572.031138
0.802677 2570.879097
0.805819 2569.768114
0.808960 2568.697343
0.812102 2567.664921
0.815243 2566.670325
0.818385 2565.711741
0.821526 2564.788600
0.824668 2563.899132
0.827810 2563.042457
0.830951 2562.217651
0.834093 2561.423009
0.837234 2560.657855
0.840376 2559.920523
0.843518 2559.210079
0.846659 2558.525557
0.849801 2557.865340
0.852942 2557.228668
0.856084 2556.613955
0.859226 2556.020227
0.862367 2555.446482
0.865509 2554.891175
0.868650 2554.353478
0.871792 2553.831869
0.874934 2553.325341
0.878075 2552.832868
0.881217 2552.352954
0.884358 2551.884727
0.887500 2551.426706
0.890642 2550.977862
0.893783 2550.537154
0.896925 2550.103119
0.900066 2549.674854
0.903208 2549.250906
0.906349 2548.830364
0.909491 2548.411780
0.912633 2547.994108
0.915774 2547.576299
0.918916 2547.156908
0.922057 2546.735021
0.925199 2546.309188
0.928341 2545.878363
0.931482 2545.441604
0.934624 2544.998533
0.937765 2544.549888
0.940907 2544.095844
0.944049 2543.637005
0.947190 2543.173983
0.950332 2542.706944
0.953473 2542.236647
0.956615 2541.763255
0.959757 2541.287380
0.962898 2540.809636
0.966040 2540.330180
0.969181 2539.849780
0.972323 2539.368592
0.975465 2538.887230
0.978606 2538.406311
0.981748 2537.925990
0.984889 2537.447035
0.988031 2536.969602
0.991172 2536.494457
0.994314 2536.021760
0.997456 2535.552125
1.000597 2535.086162
1.003739 2534.624035
1.006880 2534.166502
1.010022 2533.713732
1.013164 2533.266334
1.016305 2532.824911
1.019447 2532.389642
1.022588 2531.961268
1.025730 2531.539976
1.028872 2531.126368
1.032013 2530.721032
1.035155 2530.324172
1.038296 2529.936504
1.041438 2529.558243
1.044580 2529.189974
1.047721 2528.832274
1.050863 2528.485376
1.054004 2528.149962
1.057146 2527.826281
1.060288 2527.514905
1.063429 2527.216388
1.066571 2526.931001
1.069712 2526.659390
1.072854 2526.401842
1.075995 2526.158983
1.079137 2525.931122
1.082279 2525.718799
1.085420 2525.522538
1.088562 2525.342674
1.091703 2525.179784
1.094845 2525.034227
1.097987 2524.906520
1.101128 2524.797156
1.104270 2524.706527
1.107411 2524.635154
1.110553 2524.583453
1.113695 2524.551912
1.116836 2524.540850
1.119978 2524.549699
1.123119 2524.577553
1.126261 2524.623532
1.129403 2524.686730
1.132544 2524.766219
1.135686 2524.861152
1.138827 2524.970569
1.141969 2525.093640
1.145111 2525.229433
1.148252 2525.377000
1.151394 2525.535535
1.154535 2525.704039
1.157677 2525.881720
1.160818 2526.067566
1.163960 2526.260796
1.167102 2526.460452
1.170243 2526.665569
1.173385 2526.875378
1.176526 2527.088846
1.179668 2527.305211
1.182810 2527.523506
1.185951 2527.742761
1.189093 2527.962216
1.192234 2528.180832
1.195376 2528.397851
1.198518 2528.612302
1.201659 2528.823220
1.204801 2529.029839
1.207942 2529.231129
1.211084 2529.426319
1.214226 2529.614444
1.217367 2529.794550
1.220509 2529.965851
1.223650 2530.127340
1.226792 2530.278219
1.229934 2530.417537
1.233075 2530.544356
1.236217 2530.657857
1.239358 2530.757069
1.242500 2530.841156
1.245641 2530.909165
1.248783 2530.960241
1.251925 2530.993460
1.255066 2531.007921
1.258208 2531.002733
1.261349 2530.977002
1.264491 2530.929811
1.267633 2530.860265
1.270774 2530.767500
1.273916 2530.650556
1.277057 2530.508608
1.280199 2530.340668
1.283341 2530.145877
1.286482 2529.923410
1.289624 2529.672227
1.292765 2529.391589
1.295907 2529.080418
1.299049 2528.737898
