0.004712 49954.467951
0.007854 48015.402714
0.010996 46136.792058
0.014137 44318.199064
0.017279 42557.459479
0.020420 40854.688222
0.023562 39207.794787
0.026704 37616.323821
0.029845 36079.749420
0.032987 34596.086903
0.036128 33165.274819
0.039270 31785.395831
0.042412 30455.907200
0.045553 29176.202043
0.048695 27944.459240
0.051836 26760.456982
0.054978 25622.435084
0.058119 24530.112085
0.061261 23481.786173
0.064403 22476.805728
0.067544 21514.463947
0.070686 20593.141786
0.073827 19712.419844
0.076969 18870.731048
0.080111 18067.355605
0.083252 17301.524953
0.086394 16571.745173
0.089535 15877.474942
0.092677 15217.265905
0.095819 14590.338110
0.098960 13995.869239
0.102102 13432.474485
0.105243 12899.506615
0.108385 12395.619983
0.111527 11919.982481
0.114668 11471.726042
0.117810 11049.558960
0.120951 10652.744103
0.124093 10280.022520
0.127235 9930.517956
0.130376 9603.324601
0.133518 9297.227835
0.136659 9011.416643
0.139801 8744.702755
0.142942 8496.250086
0.146084 8264.894154
0.149226 8049.710349
0.152367 7849.753474
0.155509 7663.889925
0.158650 7491.232154
0.161792 7330.663940
0.164934 7181.235741
0.168075 7041.983834
0.171217 6911.813269
0.174358 6789.801048
0.177500 6674.863196
0.180642 6566.033248
0.183783 6462.336962
0.186925 6362.702026
0.190066 6266.186479
0.193208 6171.963767
0.196350 6079.931405
0.199491 5990.086383
0.202633 5902.340227
0.205774 5816.717541
0.208916 5733.132539
0.212058 5651.581539
0.215199 5572.058271
0.218341 5494.480834
0.221482 5418.867357
0.224624 5345.138428
0.227765 5273.309727
0.230907 5203.304253
0.234049 5135.113897
0.237190 5068.728240
0.240332 5004.073748
0.243473 4941.160323
0.246615 4879.916641
0.249757 4820.331729
0.252898 4762.392506
0.256040 4706.030814
0.259181 4651.251277
0.262323 4597.987749
0.265465 4546.226646
0.268606 4495.952468
0.271748 4447.101939
0.274889 4399.674902
0.278031 4353.609893
0.281173 4308.890961
0.284314 4265.500441
0.287456 4223.379439
0.290597 4182.523514
0.293739 4142.875387
0.296881 4104.416990
0.300022 4067.128739
0.303164 4030.955626
0.306305 3995.889426
0.309447 3961.876544
0.312588 3928.907380
0.315730 3896.929676
0.318872 3865.922817
0.322013 3835.864953
0.325155 3806.705680
0.328296 3778.432307
0.331438 3750.995566
0.334580 3724.373324
0.337721 3698.542408
0.340863 3673.455107
0.344004 3649.096138
0.347146 3625.418724
0.350288 3602.399462
0.353429 3580.014107
0.356571 3558.217141
0.359712 3536.991187
0.362854 3516.291465
0.365996 3496.093545
0.369137 3476.372364
0.372279 3457.084096
0.375420 3438.209870
0.378562 3419.715250
0.381704 3401.599300
0.384845 3383.862168
0.387987 3366.487123
0.391128 3349.479789
0.394270 3332.823900
0.397411 3316.524622
0.400553 3300.566138
0.403695 3284.948256
0.406836 3269.670345
0.409978 3254.717242
0.413119 3240.093029
0.416261 3225.782956
0.419403 3211.786291
0.422544 3198.101904
0.425686 3184.715643
0.428827 3171.630593
0.431969 3158.832986
0.435111 3146.321595
0.438252 3134.094830
0.441394 3122.139466
0.444535 3110.457680
0.447677 3099.036595
0.450819 3087.874533
0.453960 3076.969488
0.457102 3066.309078
0.460243 3055.894654
0.463385 3045.714146
0.466527 3035.765469
0.469668 3026.046244
0.472810 3016.544843
0.475951 3007.261879
0.479093 2998.186005
0.482234 2989.317560
0.485376 2980.645462
0.488518 2972.167126
0.491659 2963.879723
0.494801 2955.772537
0.497942 2947.845294
0.501084 2940.087508
0.504226 2932.496293
0.507367 2925.068549
0.510509 2917.794107
0.513650 2910.672165
0.516792 2903.692748
0.519934 2896.852709
0.523075 2890.148722
0.526217 2883.571081
0.529358 2877.118537
0.532500 2870.781545
0.535642 2864.556738
0.538783 2858.440608
0.541925 2852.423823
0.545066 2846.504778
0.548208 2840.674265
0.551350 2834.928746
0.554491 2829.264572
0.557633 2823.672699
0.560774 2818.151319
0.563916 2812.693815
0.567057 2807.303290
0.570199 2801.976102
0.573341 2796.713771
0.576482 2791.517732
0.579624 2786.384469
0.582765 2781.317041
0.585907 2776.312012
0.589049 2771.370799
0.592190 2766.494735
0.595332 2761.680508
0.598473 2756.930974
0.601615 2752.242899
0.604757 2747.617599
0.607898 2743.056308
0.611040 2738.555912
0.614181 2734.119068
0.617323 2729.742743
0.620465 2725.428151
0.623606 2721.176428
0.626748 2716.984658
0.629889 2712.855302
0.633031 2708.785522
0.636173 2704.776434
0.639314 2700.829076
0.642456 2696.940728
0.645597 2693.113656
0.648739 2689.345215
0.651880 2685.637596
0.655022 2681.988230
0.658164 2678.398099
0.661305 2674.868108
0.664447 2671.395802
0.667588 2667.983183
0.670730 2664.627870
0.673872 2661.330751
0.677013 2658.092638
0.680155 2654.911262
0.683296 2651.788440
0.686438 2648.721975
0.689580 2645.712662
0.692721 2642.761224
0.695863 2639.865573
0.699004 2637.027345
0.702146 2634.244523
0.705288 2631.517813
0.708429 2628.847846
0.711571 2626.232716
0.714712 2623.673877
0.717854 2621.169494
0.720996 2618.720181
0.724137 2616.326483
0.727279 2613.986668
0.730420 2611.702017
0.733562 2609.470867
0.736703 2607.294431
0.739845 2605.171114
0.742987 2603.101409
0.746128 2601.085720
0.749270 2599.122163
0.752411 2597.211082
0.755553 2595.350344
0.758695 2593.539649
0.761836 2591.778634
0.764978 2590.065261
0.768119 2588.399706
0.771261 2586.779992
0.774403 2585.205740
0.777544 2583.676515
0.780686 2582.190425
0.783827 2580.747503
0.786969 2579.345912
0.790111 2577.985203
0.793252 2576.664873
0.796394 2575.383167
0.799535 2574.139983
0.802677 2572.933615
0.805819 2571.763548
0.808960 2570.629221
0.812102 2569.528997
0.815243 2568.462659
0.818385 2567.428613
0.821526 2566.426601
0.824668 2565.455069
0.827810 2564.513426
0.830951 2563.601040
0.834093 2562.716415
0.837234 2561.859199
0.840376 2561.027928
0.843518 2560.221965
0.846659 2559.440638
0.849801 2558.682534
0.852942 2557.947219
0.856084 2557.233309
0.859226 2556.540126
0.862367 2555.866964
0.865509 2555.212480
0.868650 2554.576173
0.871792 2553.956723
0.874934 2553.353419
0.878075 2552.765529
0.881217 2552.191763
0.884358 2551.631571
0.887500 2551.083680
0.890642 2550.547354
0.893783 2550.021843
0.896925 2549.505896
0.900066 2548.998925
0.903208 2548.499692
0.906349 2548.007600
0.909491 2547.521418
0.912633 2547.040388
0.915774 2546.563746
0.918916 2546.090270
0.922057 2545.619349
0.925199 2545.149764
0.928341 2544.680751
0.931482 2544.211616
0.934624 2543.741928
0.937765 2543.272260
0.940907 2542.802593
0.944049 2542.333354
0.947190 2541.864970
0.950332 2541.397422
0.953473 2540.931286
0.956615 2540.466543
0.959757 2540.003621
0.962898 2539.542945
0.966040 2539.084500
0.969181 2538.628855
0.972323 2538.176001
0.975465 2537.726359
0.978606 2537.280351
0.981748 2536.837971
0.984889 2536.399779
0.988031 2535.965774
0.991172 2535.536511
0.994314 2535.111996
0.997456 2534.692644
1.000597 2534.278864
1.003739 2533.870673
1.006880 2533.468607
1.010022 2533.072689
1.013164 2532.683328
1.016305 2532.300922
1.019447 2531.925505
1.022588 2531.557597
1.025730 2531.197240
1.028872 2530.844832
1.032013 2530.500759
1.035155 2530.165081
1.038296 2529.838290
1.041438 2529.520456
1.044580 2529.211964
1.047721 2528.913185
1.050863 2528.624208
1.054004 2528.345495
1.057146 2528.077148
1.060288 2527.819534
1.063429 2527.573010
1.066571 2527.337696
1.069712 2527.114022
1.072854 2526.902123
1.075995 2526.702412
1.079137 2526.515041
1.082279 2526.340354
1.085420 2526.178679
1.088562 2526.030191
1.091703 2525.895264
1.094845 2525.774089
1.097987 2525.666991
1.101128 2525.574275
1.104270 2525.496161
1.107411 2525.432977
1.110553 2525.384961
1.113695 2525.352415
1.116836 2525.335522
1.119978 2525.333860
1.123119 2525.346790
1.126261 2525.373678
1.129403 2525.413882
1.132544 2525.466742
1.135686 2525.531652
1.138827 2525.607930
1.141969 2525.694984
1.145111 2525.792149
1.148252 2525.898751
1.151394 2526.014215
1.154535 2526.137829
1.157677 2526.269030
1.160818 2526.407095
1.163960 2526.551470
1.167102 2526.701471
1.170243 2526.856409
1.173385 2527.015740
1.176526 2527.178723
1.179668 2527.344822
1.182810 2527.513343
1.185951 2527.683592
1.189093 2527.855036
1.192234 2528.026925
1.195376 2528.198730
1.198518 2528.369753
1.201659 2528.539300
1.204801 2528.706839
1.207942 2528.871623
1.211084 2529.033115
1.214226 2529.190623
1.217367 2529.343457
1.220509 2529.491073
1.223650 2529.632739
1.226792 2529.767902
1.229934 2529.895876
1.233075 2530.015984
1.236217 2530.127661
1.239358 2530.230195
1.242500 2530.323011
1.245641 2530.405410
1.248783 2530.476804
1.251925 2530.536523
1.255066 2530.583914
1.258208 2530.618366
1.261349 2530.639217
1.264491 2530.645839
1.267633 2530.637583
1.270774 2530.613819
1.273916 2530.573889
1.277057 2530.517179
1.280199 2530.443013
1.283341 2530.350764
1.286482 2530.239831
1.289624 2530.109502
1.292765 2529.959219
1.295907 2529.788246
1.299049 2529.595988
