0.004712 50005.288559
0.007854 48106.940061
0.010996 46266.452434
0.014137 44483.437190
0.017279 42755.812076
0.020420 41083.730255
0.023562 39465.180108
0.026704 37899.755493
0.029845 36386.982640
0.032987 34924.951370
0.036128 33513.645783
0.039270 32151.220309
0.042412 30837.185028
0.045553 29570.988422
0.048695 28350.877316
0.051836 27176.681820
0.054978 26046.707341
0.058119 24960.726614
0.061261 23917.101214
0.064403 22915.236594
0.067544 21954.485045
0.070686 21033.287883
0.073827 20151.284946
0.076969 19306.967693
0.080111 18499.675882
0.083252 17728.702137
0.086394 16992.608612
0.089535 16290.917324
0.092677 15622.234539
0.095819 14985.841857
0.098960 14380.979772
0.102102 13806.316208
0.105243 13261.270423
0.108385 12744.548429
0.111527 12255.381199
0.114668 11792.964631
0.117810 11356.057348
0.120951 10943.990924
0.124093 10555.556042
0.127235 10189.940585
0.130376 9846.303390
0.133518 9523.478711
0.136659 9220.725503
0.139801 8936.904055
0.142942 8671.248493
0.146084 8422.642728
0.149226 8190.226974
0.152367 7973.120840
0.155509 7770.239147
0.158650 7580.764503
0.161792 7403.629323
0.164934 7237.948817
0.168075 7082.823612
0.171217 6937.207997
0.174358 6800.248126
0.177500 6670.909853
0.180642 6548.290917
0.183783 6431.480498
0.186925 6319.457282
0.190066 6211.346475
0.193208 6106.353853
0.196350 6004.369048
0.199491 5905.371805
0.202633 5809.247793
0.205774 5716.006924
0.208916 5625.538532
0.212058 5537.821446
0.215199 5452.830991
0.218341 5370.461753
0.221482 5290.714891
0.224624 5213.488331
0.227765 5138.779956
0.230907 5066.490902
0.234049 4996.594038
0.237190 4929.059190
0.240332 4863.792060
0.243473 4800.782919
0.246615 4739.940351
0.249757 4681.233461
0.252898 4624.628635
0.256040 4570.038534
0.259181 4517.446634
0.262323 4466.768152
0.265465 4417.968835
0.268606 4371.012038
0.271748 4325.816566
0.274889 4282.359915
0.278031 4240.563117
0.281173 4200.388972
0.284314 4161.798212
0.287456 4124.714968
0.290597 4089.111573
0.293739 4054.914060
0.296881 4022.082687
0.300022 3990.575970
0.303164 3960.322555
0.306305 3931.290423
0.309447 3903.409794
0.312588 3876.647140
0.315730 3850.934127
0.318872 3826.228138
0.322013 3802.485277
0.325155 3779.639131
0.328296 3757.652968
0.331438 3736.461493
0.334580 3716.020531
0.337721 3696.284949
0.340863 3677.190885
0.344004 3658.699220
0.347146 3640.746884
0.350288 3623.288547
0.353429 3606.278251
0.356571 3589.653869
0.359712 3573.374709
0.362854 3557.379111
0.365996 3541.620999
0.369137 3526.053996
0.372279 3510.616896
0.375420 3495.268461
0.378562 3479.966292
0.381704 3464.715174
0.384845 3449.523133
0.387987 3434.383693
0.391128 3419.309689
0.394270 3404.294719
0.397411 3389.351539
0.400553 3374.473832
0.403695 3359.669564
0.406836 3344.946609
0.409978 3330.298791
0.413119 3315.738630
0.416261 3301.260053
0.419403 3286.870909
0.422544 3272.578930
0.425686 3258.378215
0.428827 3244.281000
0.431969 3230.281507
0.435111 3216.387437
0.438252 3202.606361
0.441394 3188.932702
0.444535 3175.378359
0.447677 3161.937900
0.450819 3148.618858
0.453960 3135.428611
0.457102 3122.361958
0.460243 3109.430414
0.463385 3096.628942
0.466527 3083.964880
0.469668 3071.445388
0.472810 3059.065695
0.475951 3046.836876
0.479093 3034.754343
0.482234 3022.828983
0.485376 3011.056402
0.488518 2999.443619
0.491659 2987.997452
0.494801 2976.713809
0.497942 2965.603071
0.501084 2954.661361
0.504226 2943.895441
0.507367 2933.311852
0.510509 2922.907052
0.513650 2912.690862
0.516792 2902.659973
0.519934 2892.820869
0.523075 2883.179784
0.526217 2873.733779
0.529358 2864.492063
0.532500 2855.451949
0.535642 2846.619611
0.538783 2838.000957
0.541925 2829.593699
0.545066 2821.406384
0.548208 2813.436996
0.551350 2805.691377
0.554491 2798.175081
0.557633 2790.886521
0.560774 2783.833430
0.563916 2777.011003
0.567057 2770.419166
0.570199 2764.049055
0.573341 2757.898141
0.576482 2751.963612
0.579624 2746.237025
0.582765 2740.717363
0.585907 2735.396447
0.589049 2730.271400
0.592190 2725.339096
0.595332 2720.591731
0.598473 2716.027664
0.601615 2711.639324
0.604757 2707.423526
0.607898 2703.376867
0.611040 2699.492105
0.614181 2695.767051
0.617323 2692.194668
0.620465 2688.771502
0.623606 2685.493906
0.626748 2682.355130
0.629889 2679.352508
0.633031 2676.479465
0.636173 2673.732310
0.639314 2671.107197
0.642456 2668.597788
0.645597 2666.201017
0.648739 2663.910695
0.651880 2661.723616
0.655022 2659.633723
0.658164 2657.637062
0.661305 2655.729562
0.664447 2653.905342
0.667588 2652.160902
0.670730 2650.490466
0.673872 2648.889936
0.677013 2647.355125
0.680155 2645.880390
0.683296 2644.462008
0.686438 2643.094411
0.689580 2641.773393
0.692721 2640.494689
0.695863 2639.252821
0.699004 2638.043915
0.702146 2636.862539
0.705288 2635.704415
0.708429 2634.565238
0.711571 2633.439617
0.714712 2632.323608
0.717854 2631.211834
0.720996 2630.099985
0.724137 2628.983754
0.727279 2627.857763
0.730420 2626.718068
0.733562 2625.559278
0.736703 2624.377468
0.739845 2623.167220
0.742987 2621.924242
0.746128 2620.644475
0.749270 2619.325919
0.752411 2617.970949
0.755553 2616.580320
0.758695 2615.156079
0.761836 2613.700311
0.764978 2612.213711
0.768119 2610.698842
0.771261 2609.156359
0.774403 2607.588358
0.777544 2605.996970
0.780686 2604.382800
0.783827 2602.748494
0.786969 2601.094631
0.790111 2599.423347
0.793252 2597.736800
0.796394 2596.035536
0.799535 2594.322256
0.802677 2592.597487
0.805819 2590.863394
0.808960 2589.122150
0.812102 2587.374267
0.815243 2585.622474
0.818385 2583.867276
0.821526 2582.111408
0.824668 2580.355371
0.827810 2578.601343
0.830951 2576.851500
0.834093 2575.106347
0.837234 2573.368613
0.840376 2571.638810
0.843518 2569.919113
0.846659 2568.211682
0.849801 2566.517049
0.852942 2564.837911
0.856084 2563.174818
0.859226 2561.529927
0.862367 2559.905370
0.865509 2558.301732
0.868650 2556.721652
0.871792 2555.165744
0.874934 2553.636133
0.878075 2552.134912
0.881217 2550.662744
0.884358 2549.222185
0.887500 2547.813936
0.890642 2546.440080
0.893783 2545.102658
0.896925 2543.802435
0.900066 2542.541858
0.903208 2541.321744
0.906349 2540.144487
0.909491 2539.010957
0.912633 2537.923154
0.915774 2536.883022
0.918916 2535.891517
0.922057 2534.950889
0.925199 2534.062158
0.928341 2533.227251
0.931482 2532.447837
0.934624 2531.723005
0.937765 2531.051750
0.940907 2530.432166
0.944049 2529.862997
0.947190 2529.342922
0.950332 2528.870133
0.953473 2528.443452
0.956615 2528.061131
0.959757 2527.721832
0.962898 2527.424168
0.966040 2527.166469
0.969181 2526.947422
0.972323 2526.765410
0.975465 2526.619030
0.978606 2526.506834
0.981748 2526.427273
0.984889 2526.378919
0.988031 2526.360264
0.991172 2526.369842
0.994314 2526.406182
0.997456 2526.467805
1.000597 2526.553204
1.003739 2526.660953
1.006880 2526.789507
1.010022 2526.937471
1.013164 2527.103326
1.016305 2527.285536
1.019447 2527.482737
1.022588 2527.693326
1.025730 2527.915960
1.028872 2528.149096
1.032013 2528.391175
1.035155 2528.640875
1.038296 2528.896559
1.041438 2529.156912
1.044580 2529.420374
1.047721 2529.685383
1.050863 2529.950629
1.054004 2530.214466
1.057146 2530.475584
1.060288 2530.732421
1.063429 2530.983418
1.066571 2531.227258
1.069712 2531.462307
1.072854 2531.687238
1.075995 2531.900430
1.079137 2532.100541
1.082279 2532.286021
1.085420 2532.455343
1.088562 2532.607134
1.091703 2532.739822
1.094845 2532.852012
1.097987 2532.942181
1.101128 2533.008832
1.104270 2533.050531
1.107411 2533.065774
1.110553 2533.053091
1.113695 2533.010995
1.116836 2532.938384
1.119978 2532.836225
1.123119 2532.706414
1.126261 2532.550703
1.129403 2532.370961
1.132544 2532.169091
1.135686 2531.946798
1.138827 2531.706054
1.141969 2531.448541
1.145111 2531.176166
1.148252 2530.890856
1.151394 2530.594262
1.154535 2530.288405
1.157677 2529.974925
1.160818 2529.655854
1.163960 2529.332821
1.167102 2529.007761
1.170243 2528.682612
1.173385 2528.358999
1.176526 2528.038962
1.179668 2527.724130
1.182810 2527.416440
1.185951 2527.117818
1.189093 2526.829908
1.192234 2526.554726
1.195376 2526.293929
1.198518 2526.049443
1.201659 2525.823168
1.204801 2525.616795
1.207942 2525.432288
1.211084 2525.271361
1.214226 2525.135913
1.217367 2525.027806
1.220509 2524.948805
1.223650 2524.900792
1.226792 2524.885571
1.229934 2524.904995
1.233075 2524.960876
1.236217 2525.055081
1.239358 2525.189383
1.242500 2525.365702
1.245641 2525.585757
1.248783 2525.851522
1.251925 2526.164768
1.255066 2526.527205
1.258208 2526.940898
1.261349 2527.407415
1.264491 2527.928888
1.267633 2528.507010
1.270774 2529.143402
1.273916 2529.840304
1.277057 2530.599104
1.280199 2531.422119
1.283341 2532.310951
1.286482 2533.267118
1.289624 2534.293063
1.292765 2535.389966
1.295907 2536.560358
1.299049 2537.805735
