0.004712 50108.837978
0.007854 48168.709171
0.010996 46288.883547
0.014137 44468.929520
0.017279 42706.686838
0.020420 41002.276250
0.023562 39353.611077
0.026704 37760.241340
0.029845 36221.646671
0.032987 34735.845974
0.036128 33302.784028
0.039270 31920.546936
0.042412 30588.597532
0.045553 29306.334636
0.048695 28071.940368
0.051836 26885.199480
0.054978 25744.354915
0.058119 24649.131877
0.061261 23597.831581
0.064403 22589.808190
0.067544 21624.360774
0.070686 20699.873183
0.073827 19815.932900
0.076969 18970.975676
0.080111 18164.287607
0.083252 17395.106077
0.086394 16661.939905
0.089535 15964.254794
0.092677 15300.605086
0.095819 14670.216786
0.098960 14072.273557
0.102102 13505.393252
0.105243 12968.935725
0.108385 12461.557981
0.111527 11982.433896
0.114668 11530.701381
0.117810 11105.071389
0.120951 10704.813861
0.124093 10328.672527
0.127235 9975.777104
0.130376 9645.227719
0.133518 9335.812485
0.136659 9046.727371
0.139801 8776.786893
0.142942 8525.161892
0.146084 8290.690736
0.149226 8072.454708
0.152367 7869.514422
0.155509 7680.739246
0.158650 7505.248357
0.161792 7341.928601
0.164934 7189.836225
0.168075 7048.013181
0.171217 6915.367754
0.174358 6790.983392
0.177500 6673.779482
0.180642 6562.795204
0.183783 6457.061817
0.186925 6355.510585
0.190066 6257.205634
0.193208 6161.322165
0.196350 6067.756005
0.199491 5976.501457
0.202633 5887.466033
0.205774 5800.672042
0.208916 5716.029837
0.212058 5633.533010
0.215199 5553.172422
0.218341 5474.862525
0.221482 5398.618797
0.224624 5324.358311
0.227765 5252.093968
0.230907 5181.745375
0.234049 5113.301459
0.237190 5046.748724
0.240332 4982.010412
0.243473 4919.093365
0.246615 4857.923139
0.249757 4798.485660
0.252898 4740.764648
0.256040 4684.688966
0.259181 4630.259944
0.262323 4577.408542
0.265465 4526.117955
0.268606 4476.369394
0.271748 4428.096798
0.274889 4381.296529
0.278031 4335.904406
0.281173 4291.901168
0.284314 4249.265787
0.287456 4207.936733
0.290597 4167.905947
0.293739 4129.113559
0.296881 4091.538125
0.300022 4055.156653
0.303164 4019.911597
0.306305 3985.791023
0.309447 3952.738825
0.312588 3920.741675
0.315730 3889.744818
0.318872 3859.724214
0.322013 3830.654582
0.325155 3802.483030
0.328296 3775.193124
0.331438 3748.733106
0.334580 3723.077410
0.337721 3698.199448
0.340863 3674.048998
0.344004 3650.607065
0.347146 3627.824342
0.350288 3605.674010
0.353429 3584.128448
0.356571 3563.139555
0.359712 3542.686325
0.362854 3522.721352
0.365996 3503.216840
0.369137 3484.144407
0.372279 3465.457527
0.375420 3447.133846
0.378562 3429.137692
0.381704 3411.469025
0.384845 3394.129224
0.387987 3377.103160
0.391128 3360.397583
0.394270 3343.997768
0.397411 3327.910069
0.400553 3312.120151
0.403695 3296.629097
0.406836 3281.437608
0.409978 3266.531920
0.413119 3251.917437
0.416261 3237.580764
0.419403 3223.522509
0.422544 3209.742927
0.425686 3196.229155
0.428827 3182.985709
0.431969 3170.000068
0.435111 3157.272401
0.438252 3144.802547
0.441394 3132.578480
0.444535 3120.603892
0.447677 3108.867071
0.450819 3097.367780
0.453960 3086.105476
0.457102 3075.068900
0.460243 3064.260992
0.463385 3053.670781
0.466527 3043.297653
0.469668 3033.140719
0.472810 3023.189425
0.475951 3013.446016
0.479093 3003.900202
0.482234 2994.553971
0.485376 2985.397285
0.488518 2976.429059
0.491659 2967.647972
0.494801 2959.044343
0.497942 2950.619563
0.501084 2942.364179
0.504226 2934.276811
0.507367 2926.355866
0.510509 2918.592211
0.513650 2910.986703
0.516792 2903.530409
0.519934 2896.221687
0.523075 2889.058704
0.526217 2882.032812
0.529358 2875.144396
0.532500 2868.384981
0.535642 2861.752693
0.538783 2855.245494
0.541925 2848.855153
0.545066 2842.581650
0.548208 2836.416903
0.551350 2830.358837
0.554491 2824.405243
0.557633 2818.548241
0.560774 2812.787514
0.563916 2807.116728
0.567057 2801.538489
0.570199 2796.048341
0.573341 2790.647168
0.576482 2785.335744
0.579624 2780.109782
0.582765 2774.971703
0.585907 2769.917332
0.589049 2764.947412
0.592190 2760.062583
0.595332 2755.258827
0.598473 2750.538299
0.601615 2745.897089
0.604757 2741.335806
0.607898 2736.854962
0.611040 2732.450797
0.614181 2728.125210
0.617323 2723.874544
0.620465 2719.699282
0.623606 2715.599813
0.626748 2711.572623
0.629889 2707.619369
0.633031 2703.736630
0.636173 2699.924773
0.639314 2696.184070
0.642456 2692.511237
0.645597 2688.907707
0.648739 2685.370280
0.651880 2681.900304
0.655022 2678.494665
0.658164 2675.153573
0.661305 2671.877156
0.664447 2668.662424
0.667588 2665.510519
0.670730 2662.418529
0.673872 2659.386562
0.677013 2656.414650
0.680155 2653.499997
0.683296 2650.643553
0.686438 2647.842594
0.689580 2645.097136
0.692721 2642.407120
0.695863 2639.769928
0.699004 2637.186337
0.702146 2634.653794
0.705288 2632.172228
0.708429 2629.741498
0.711571 2627.359152
0.714712 2625.025803
0.717854 2622.739060
0.720996 2620.498769
0.724137 2618.304717
0.727279 2616.154600
0.730420 2614.048885
0.733562 2611.985325
0.736703 2609.964330
0.739845 2607.983708
0.742987 2606.043205
0.746128 2604.142526
0.749270 2602.279770
0.752411 2600.455597
0.755553 2598.668326
0.758695 2596.918025
0.761836 2595.204712
0.764978 2593.526777
0.768119 2591.884769
0.771261 2590.277122
0.774403 2588.703845
0.777544 2587.164901
0.780686 2585.658792
0.783827 2584.185957
0.786969 2582.744937
0.790111 2581.335687
0.793252 2579.958121
0.796394 2578.610842
0.799535 2577.294187
0.802677 2576.006798
0.805819 2574.748580
0.808960 2573.519400
0.812102 2572.317954
0.815243 2571.144488
0.818385 2569.997735
0.821526 2568.877905
0.824668 2567.783765
0.827810 2566.715156
0.830951 2565.671887
0.834093 2564.652773
0.837234 2563.657944
0.840376 2562.686245
0.843518 2561.737478
0.846659 2560.811413
0.849801 2559.906943
0.852942 2559.024121
0.856084 2558.161867
0.859226 2557.319945
0.862367 2556.498094
0.865509 2555.695270
0.868650 2554.911465
0.871792 2554.145660
0.874934 2553.397587
0.878075 2552.666957
0.881217 2551.952784
0.884358 2551.255003
0.887500 2550.572651
0.890642 2549.905431
0.893783 2549.253030
0.896925 2548.614512
0.900066 2547.989764
0.903208 2547.377868
0.906349 2546.778695
0.909491 2546.191342
0.912633 2545.615482
0.915774 2545.050775
0.918916 2544.496339
0.922057 2543.952010
0.925199 2543.416919
0.928341 2542.890723
0.931482 2542.373095
0.934624 2541.863532
0.937765 2541.362360
0.940907 2540.869263
0.944049 2540.384407
0.947190 2539.907945
0.950332 2539.439578
0.953473 2538.979609
0.956615 2538.527748
0.959757 2538.084147
0.962898 2537.648948
0.966040 2537.221876
0.969181 2536.803209
0.972323 2536.392684
0.975465 2535.990438
0.978606 2535.596600
0.981748 2535.210924
0.984889 2534.833658
0.988031 2534.464567
0.991172 2534.103890
0.994314 2533.751400
0.997456 2533.407217
1.000597 2533.071453
1.003739 2532.743895
1.006880 2532.424758
1.010022 2532.113842
1.013164 2531.811253
1.016305 2531.517088
1.019447 2531.231164
1.022588 2530.953667
1.025730 2530.684424
1.028872 2530.423528
1.032013 2530.171062
1.035155 2529.926871
1.038296 2529.691113
1.041438 2529.463642
1.044580 2529.244538
1.047721 2529.033871
1.050863 2528.831512
1.054004 2528.637592
1.057146 2528.451992
1.060288 2528.274780
1.063429 2528.106011
1.066571 2527.945583
1.069712 2527.793600
1.072854 2527.649972
1.075995 2527.514792
1.079137 2527.387979
1.082279 2527.269581
1.085420 2527.159636
1.088562 2527.058077
1.091703 2526.964974
1.094845 2526.880271
1.097987 2526.804003
1.101128 2526.736194
1.104270 2526.676805
1.107411 2526.625878
1.110553 2526.583384
1.113695 2526.549345
1.116836 2526.523745
1.119978 2526.506376
1.123119 2526.496997
1.126261 2526.495347
1.129403 2526.501177
1.132544 2526.514227
1.135686 2526.534251
1.138827 2526.560982
1.141969 2526.594185
1.145111 2526.633596
1.148252 2526.678947
1.151394 2526.730013
1.154535 2526.786506
1.157677 2526.848210
1.160818 2526.914830
1.163960 2526.986156
1.167102 2527.061912
1.170243 2527.141819
1.173385 2527.225673
1.176526 2527.313167
1.179668 2527.404102
1.182810 2527.498198
1.185951 2527.595169
1.189093 2527.694822
1.192234 2527.796841
1.195376 2527.901035
1.198518 2528.007120
1.201659 2528.114806
1.204801 2528.223908
1.207942 2528.334102
1.211084 2528.445205
1.214226 2528.556928
1.217367 2528.668980
1.220509 2528.781179
1.223650 2528.893201
1.226792 2529.004861
1.229934 2529.115870
1.233075 2529.225940
1.236217 2529.334886
1.239358 2529.442386
1.242500 2529.548252
1.245641 2529.652165
1.248783 2529.753936
1.251925 2529.853278
1.255066 2529.949906
1.258208 2530.043629
1.261349 2530.134131
1.264491 2530.221218
1.267633 2530.304604
1.270774 2530.384013
1.273916 2530.459240
1.277057 2530.529983
1.280199 2530.596034
1.283341 2530.657114
1.286482 2530.712954
1.289624 2530.763335
1.292765 2530.807970
1.295907 2530.846634
1.299049 2530.879058
