0.004712 50127.964073
0.007854 48189.629986
0.010996 46311.461462
0.014137 44493.029744
0.017279 42732.178850
0.020420 41029.031932
0.023562 39381.506416
0.026704 37789.155195
0.029845 36251.460929
0.032987 34766.446391
0.036128 33334.059157
0.039270 31952.389051
0.042412 30620.901974
0.045553 29338.999942
0.048695 28104.868603
0.051836 26918.295833
0.054978 25777.527979
0.058119 24682.293490
0.061261 23630.896871
0.064403 22622.695569
0.067544 21656.992047
0.070686 20732.173285
0.073827 19847.830274
0.076969 19002.401801
0.080111 18195.177379
0.083252 17425.397886
0.086394 16691.575057
0.089535 15993.178306
0.092677 15328.764820
0.095819 14697.564117
0.098960 14098.763435
0.102102 13530.983380
0.105243 12993.587672
0.108385 12485.236013
0.111527 12005.105870
0.114668 11552.338783
0.117810 11125.648342
0.120951 10724.308458
0.124093 10347.065467
0.127235 9993.052725
0.130376 9661.374015
0.133518 9350.820028
0.136659 9060.590752
0.139801 8789.503269
0.142942 8536.732446
0.146084 8301.119217
0.149226 8081.748525
0.152367 7877.684639
0.155509 7687.799506
0.158650 7511.216303
0.161792 7346.824476
0.164934 7193.683921
0.168075 7050.840206
0.171217 6917.204262
0.174358 6791.863462
0.177500 6673.739880
0.180642 6561.876300
0.183783 6455.307540
0.186925 6352.967626
0.190066 6253.924478
0.193208 6157.354996
0.196350 6063.154466
0.199491 5971.316105
0.202633 5881.745792
0.205774 5794.464913
0.208916 5709.382249
0.212058 5626.490293
0.215199 5545.778748
0.218341 5467.160577
0.221482 5390.650196
0.224624 5316.163244
0.227765 5243.711504
0.230907 5173.213201
0.234049 5104.656066
0.237190 5038.025359
0.240332 4973.243010
0.243473 4910.314626
0.246615 4849.164495
0.249757 4789.777288
0.252898 4732.135432
0.256040 4676.166579
0.259181 4621.870728
0.262323 4569.177661
0.265465 4518.069275
0.268606 4468.525445
0.271748 4420.478981
0.274889 4373.924838
0.278031 4328.797730
0.281173 4285.077056
0.284314 4242.740429
0.287456 4201.725247
0.290597 4162.021989
0.293739 4123.569731
0.296881 4086.345663
0.300022 4050.325416
0.303164 4015.450408
0.306305 3981.707211
0.309447 3949.038695
0.312588 3917.430027
0.315730 3886.825434
0.318872 3857.199494
0.322013 3828.525535
0.325155 3800.749654
0.328296 3773.853905
0.331438 3747.785517
0.334580 3722.517536
0.337721 3698.021990
0.340863 3674.247638
0.344004 3651.173984
0.347146 3628.750692
0.350288 3606.949564
0.353429 3585.741608
0.356571 3565.077677
0.359712 3544.935295
0.362854 3525.265993
0.365996 3506.040610
0.369137 3487.229420
0.372279 3468.784803
0.375420 3450.682993
0.378562 3432.887818
0.381704 3415.399593
0.384845 3398.220191
0.387987 3381.335125
0.391128 3364.751598
0.394270 3348.455502
0.397411 3332.453664
0.400553 3316.732349
0.403695 3301.293147
0.406836 3286.137292
0.409978 3271.251585
0.413119 3256.641956
0.416261 3242.295555
0.419403 3228.213528
0.422544 3214.396683
0.425686 3200.832676
0.428827 3187.526594
0.431969 3174.466418
0.435111 3161.652875
0.438252 3149.086379
0.441394 3136.755381
0.444535 3124.664185
0.447677 3112.801543
0.450819 3101.167795
0.453960 3089.762987
0.457102 3078.576309
0.460243 3067.611336
0.463385 3056.857540
0.466527 3046.314896
0.469668 3035.983114
0.472810 3025.852066
0.475951 3015.924656
0.479093 3006.191015
0.482234 2996.653792
0.485376 2987.303368
0.488518 2978.139260
0.491659 2969.160751
0.494801 2960.358575
0.497942 2951.734790
0.501084 2943.280356
0.504226 2934.994499
0.507367 2926.876229
0.510509 2918.916828
0.513650 2911.117819
0.516792 2903.470686
0.519934 2895.974389
0.523075 2888.627697
0.526217 2881.422382
0.529358 2874.359487
0.532500 2867.430965
0.535642 2860.635539
0.538783 2853.971763
0.541925 2847.431844
0.545066 2841.016401
0.548208 2834.717801
0.551350 2828.534556
0.554491 2822.465034
0.557633 2816.501821
0.560774 2810.645200
0.563916 2804.888949
0.567057 2799.235475
0.570199 2793.679997
0.573341 2788.223145
0.576482 2782.865427
0.579624 2777.602249
0.582765 2772.435777
0.585907 2767.361538
0.589049 2762.380010
0.592190 2757.491550
0.595332 2752.691862
0.598473 2747.982820
0.601615 2743.360240
0.604757 2738.824454
0.607898 2734.375679
0.611040 2730.009901
0.614181 2725.728715
0.617323 2721.528213
0.620465 2717.408587
0.623606 2713.369926
0.626748 2709.408475
0.629889 2705.525574
0.633031 2701.717568
0.636173 2697.984520
0.639314 2694.326400
0.642456 2690.739695
0.645597 2687.225507
0.648739 2683.780414
0.651880 2680.405427
0.655022 2677.097212
0.658164 2673.855672
0.661305 2670.680625
0.664447 2667.568864
0.667588 2664.521188
0.670730 2661.534473
0.673872 2658.608517
0.677013 2655.743037
0.680155 2652.935027
0.683296 2650.185091
0.686438 2647.490294
0.689580 2644.850339
0.692721 2642.264855
0.695863 2639.731014
0.699004 2637.249245
0.702146 2634.816786
0.705288 2632.433250
0.708429 2630.098190
0.711571 2627.808936
0.714712 2625.565762
0.717854 2623.366058
0.720996 2621.209359
0.724137 2619.095151
0.727279 2617.020903
0.730420 2614.986752
0.733562 2612.990221
0.736703 2611.031397
0.739845 2609.107850
0.742987 2607.219026
0.746128 2605.364352
0.749270 2603.541918
0.752411 2601.752513
0.755553 2599.994636
0.758695 2598.268500
0.761836 2596.574278
0.764978 2594.910530
0.768119 2593.277954
0.771261 2591.675148
0.774403 2590.102276
0.777544 2588.559462
0.780686 2587.045364
0.783827 2585.560583
0.786969 2584.103813
0.790111 2582.675169
0.793252 2581.274731
0.796394 2579.901247
0.799535 2578.555229
0.802677 2577.235458
0.805819 2575.942007
0.808960 2574.674912
0.812102 2573.433006
0.815243 2572.216717
0.818385 2571.024911
0.821526 2569.857983
0.824668 2568.714831
0.827810 2567.595467
0.830951 2566.499875
0.834093 2565.426997
0.837234 2564.377153
0.840376 2563.349315
0.843518 2562.343457
0.846659 2561.359530
0.849801 2560.396544
0.852942 2559.454751
0.856084 2558.533191
0.859226 2557.631804
0.862367 2556.750507
0.865509 2555.888378
0.868650 2555.045603
0.871792 2554.221285
0.874934 2553.415333
0.878075 2552.627635
0.881217 2551.857326
0.884358 2551.104536
0.887500 2550.368425
0.890642 2549.648872
0.893783 2548.945739
0.896925 2548.258215
0.900066 2547.586378
0.903208 2546.929437
0.906349 2546.287450
0.909491 2545.659647
0.912633 2545.045872
0.915774 2544.445954
0.918916 2543.859148
0.922057 2543.285467
0.925199 2542.724185
0.928341 2542.175124
0.931482 2541.638107
0.934624 2541.112600
0.937765 2540.598829
0.940907 2540.096363
0.944049 2539.605260
0.947190 2539.125566
0.950332 2538.656870
0.953473 2538.199364
0.956615 2537.752651
0.959757 2537.316772
0.962898 2536.891756
0.966040 2536.477226
0.969181 2536.073341
0.972323 2535.679736
0.975465 2535.296437
0.978606 2534.923455
0.981748 2534.560447
0.984889 2534.207538
0.988031 2533.864398
0.991172 2533.531138
0.994314 2533.207442
0.997456 2532.893311
1.000597 2532.588735
1.003739 2532.293414
1.006880 2532.007430
1.010022 2531.730496
1.013164 2531.462597
1.016305 2531.203710
1.019447 2530.953564
1.022588 2530.712211
1.025730 2530.479394
1.028872 2530.255083
1.032013 2530.039241
1.035155 2529.831625
1.038296 2529.632260
1.041438 2529.440915
1.044580 2529.257548
1.047721 2529.082108
1.050863 2528.914377
1.054004 2528.754356
1.057146 2528.601839
1.060288 2528.456770
1.063429 2528.319088
1.066571 2528.188598
1.069712 2528.065277
1.072854 2527.948943
1.075995 2527.839562
1.079137 2527.736960
1.082279 2527.641066
1.085420 2527.551802
1.088562 2527.469006
1.091703 2527.392624
1.094845 2527.322502
1.097987 2527.258560
1.101128 2527.200709
1.104270 2527.148807
1.107411 2527.102780
1.110553 2527.062494
1.113695 2527.027859
1.116836 2526.998778
1.119978 2526.975131
1.123119 2526.956833
1.126261 2526.943775
1.129403 2526.935862
1.132544 2526.932996
1.135686 2526.935076
1.138827 2526.942000
1.141969 2526.953674
1.145111 2526.969996
1.148252 2526.990860
1.151394 2527.016180
1.154535 2527.045840
1.157677 2527.079760
1.160818 2527.117818
1.163960 2527.159939
1.167102 2527.206013
1.170243 2527.255924
1.173385 2527.309603
1.176526 2527.366917
1.179668 2527.427804
1.182810 2527.492145
1.185951 2527.559821
1.189093 2527.630773
1.192234 2527.704858
1.195376 2527.782023
1.198518 2527.862146
1.201659 2527.945101
1.204801 2528.030840
1.207942 2528.119211
1.211084 2528.210168
1.214226 2528.303587
1.217367 2528.399335
1.220509 2528.497375
1.223650 2528.597545
1.226792 2528.699809
1.229934 2528.804036
1.233075 2528.910093
1.236217 2529.017947
1.239358 2529.127431
1.242500 2529.238515
1.245641 2529.351029
1.248783 2529.464944
1.251925 2529.580127
1.255066 2529.696439
1.258208 2529.813857
1.261349 2529.932205
1.264491 2530.051459
1.267633 2530.171484
1.270774 2530.292139
1.273916 2530.413404
1.277057 2530.535101
1.280199 2530.657209
1.283341 2530.779588
1.286482 2530.902102
1.289624 2531.024727
1.292765 2531.147288
1.295907 2531.269762
1.299049 2531.392010
