0.004712 49738.308379
0.007854 47888.830577
0.010996 46094.530343
0.014137 44355.064579
0.017279 42668.437587
0.020420 41034.835233
0.023562 39452.329227
0.026704 37920.559621
0.029845 36439.101883
0.032987 35006.124598
0.036128 33621.652176
0.039270 32283.914957
0.042412 30992.472971
0.045553 29746.827317
0.048695 28545.296731
0.051836 27387.758299
0.054978 26272.586858
0.058119 25199.604523
0.061261 24167.239972
0.064403 23174.953077
0.067544 22222.152693
0.070686 21307.344022
0.073827 20430.221641
0.076969 19589.338940
0.080111 18784.092727
0.083252 18013.834449
0.086394 17277.185540
0.089535 16573.727171
0.092677 15902.123310
0.095819 15261.714772
0.098960 14651.802658
0.102102 14071.110502
0.105243 13519.120203
0.108385 12994.592175
0.111527 12496.818302
0.114668 12025.056411
0.117810 11578.118000
0.120951 11155.399829
0.124093 10755.744626
0.127235 10378.402410
0.130376 10022.594799
0.133518 9687.207125
0.136659 9371.565140
0.139801 9074.579753
0.142942 8795.552270
0.146084 8533.416913
0.149226 8287.376967
0.152367 8056.615227
0.155509 7840.096647
0.158650 7637.071315
0.161792 7446.521845
0.164934 7267.626619
0.168075 7099.549181
0.171217 6941.294400
0.174358 6792.075276
0.177500 6650.908685
0.180642 6516.955170
0.183783 6389.366093
0.186925 6267.172103
0.190066 6149.563643
0.193208 6035.780414
0.196350 5925.705786
0.199491 5819.304356
0.202633 5716.439684
0.205774 5617.108587
0.208916 5521.179126
0.212058 5428.614773
0.215199 5339.374714
0.218341 5253.333435
0.221482 5170.477046
0.224624 5090.684099
0.227765 5013.936725
0.230907 4940.117365
0.234049 4869.182225
0.237190 4801.083834
0.240332 4735.710144
0.243473 4673.034107
0.246615 4612.947124
0.249757 4555.400865
0.252898 4500.343764
0.256040 4447.672075
0.259181 4397.350665
0.262323 4349.278802
0.265465 4303.404168
0.268606 4259.671647
0.271748 4217.984703
0.274889 4178.301211
0.278031 4140.527213
0.281173 4104.606948
0.284314 4070.482297
0.287456 4038.062842
0.290597 4007.300558
0.293739 3978.107168
0.296881 3950.424017
0.300022 3924.190526
0.303164 3899.321304
0.306305 3875.763518
0.309447 3853.433480
0.312588 3832.276744
0.315730 3812.211147
0.318872 3793.174901
0.322013 3775.104905
0.325155 3757.920963
0.328296 3741.565354
0.331438 3725.958973
0.334580 3711.038447
0.337721 3696.739530
0.340863 3682.984428
0.344004 3669.713237
0.347146 3656.848815
0.350288 3644.326754
0.353429 3632.082207
0.356571 3620.038689
0.359712 3608.135206
0.362854 3596.295487
0.365996 3584.454634
0.369137 3572.547748
0.372279 3560.498558
0.375420 3548.246382
0.378562 3535.742017
0.381704 3522.995447
0.384845 3510.021802
0.387987 3496.823779
0.391128 3483.420733
0.394270 3469.815090
0.397411 3456.026465
0.400553 3442.057037
0.403695 3427.922129
0.406836 3413.637274
0.409978 3399.204336
0.413119 3384.643456
0.416261 3369.956322
0.419403 3355.158511
0.422544 3340.265742
0.425686 3325.279490
0.428827 3310.220250
0.431969 3295.089391
0.435111 3279.902660
0.438252 3264.675870
0.441394 3249.410287
0.444535 3234.126581
0.447677 3218.825981
0.450819 3203.524310
0.453960 3188.237396
0.457102 3172.966463
0.460243 3157.732186
0.463385 3142.535825
0.466527 3127.393198
0.469668 3112.320053
0.472810 3097.317752
0.475951 3082.406800
0.479093 3067.588661
0.482234 3052.883721
0.485376 3038.293578
0.488518 3023.833891
0.491659 3009.520158
0.494801 2995.354222
0.497942 2981.356056
0.501084 2967.527705
0.504226 2953.884615
0.507367 2940.441995
0.510509 2927.202245
0.513650 2914.184747
0.516792 2901.392171
0.519934 2888.839659
0.523075 2876.542048
0.526217 2864.502465
0.529358 2852.739530
0.532500 2841.256711
0.535642 2830.068759
0.538783 2819.190050
0.541925 2808.624617
0.545066 2798.390139
0.548208 2788.491059
0.551350 2778.941649
0.554491 2769.755739
0.557633 2760.938437
0.560774 2752.506053
0.563916 2744.455397
0.567057 2736.783502
0.570199 2729.476778
0.573341 2722.529020
0.576482 2715.933565
0.579624 2709.677510
0.582765 2703.756135
0.585907 2698.156964
0.589049 2692.873229
0.592190 2687.897757
0.595332 2683.218676
0.598473 2678.830264
0.601615 2674.721020
0.604757 2670.883680
0.607898 2667.310633
0.611040 2663.990900
0.614181 2660.917892
0.617323 2658.080948
0.620465 2655.472377
0.623606 2653.084198
0.626748 2650.906186
0.629889 2648.931026
0.633031 2647.148754
0.636173 2645.551325
0.639314 2644.130457
0.642456 2642.876538
0.645597 2641.781668
0.648739 2640.836443
0.651880 2640.032763
0.655022 2639.361413
0.658164 2638.813962
0.661305 2638.381824
0.664447 2638.056018
0.667588 2637.828050
0.670730 2637.689071
0.673872 2637.630461
0.677013 2637.643497
0.680155 2637.719484
0.683296 2637.849671
0.686438 2638.025436
0.689580 2638.238040
0.692721 2638.478693
0.695863 2638.738846
0.699004 2639.009630
0.702146 2639.282513
0.705288 2639.548703
0.708429 2639.799417
0.711571 2640.026108
0.714712 2640.219931
0.717854 2640.372305
0.720996 2640.474456
0.724137 2640.517671
0.727279 2640.493274
0.730420 2640.392580
0.733562 2640.206818
0.736703 2639.927406
0.739845 2639.545462
0.742987 2639.052350
0.746128 2638.439972
0.749270 2637.706221
0.752411 2636.855319
0.755553 2635.890646
0.758695 2634.816378
0.761836 2633.636830
0.764978 2632.355172
0.768119 2630.976141
0.771261 2629.502781
0.774403 2627.939439
0.777544 2626.290576
0.780686 2624.559065
0.783827 2622.749927
0.786969 2620.865933
0.790111 2618.911570
0.793252 2616.891415
0.796394 2614.808102
0.799535 2612.666879
0.802677 2610.470304
0.805819 2608.222974
0.808960 2605.929547
0.812102 2603.592487
0.815243 2601.217200
0.818385 2598.806097
0.821526 2596.364633
0.824668 2593.895176
0.827810 2591.402420
0.830951 2588.891092
0.834093 2586.363514
0.837234 2583.825216
0.840376 2581.278503
0.843518 2578.728105
0.846659 2576.178757
0.849801 2573.632757
0.852942 2571.095646
0.856084 2568.569731
0.859226 2566.059744
0.862367 2563.570398
0.865509 2561.104028
0.868650 2558.666127
0.871792 2556.259062
0.874934 2553.887539
0.878075 2551.556216
0.881217 2549.267531
0.884358 2547.026860
0.887500 2544.836699
0.890642 2542.701693
0.893783 2540.626415
0.896925 2538.613466
0.900066 2536.668048
0.903208 2534.792844
0.906349 2532.992968
0.909491 2531.271196
0.912633 2529.632037
0.915774 2528.079893
0.918916 2526.617698
0.922057 2525.250304
0.925199 2523.980762
0.928341 2522.813445
0.931482 2521.752173
0.934624 2520.795591
0.937765 2519.941263
0.940907 2519.185570
0.944049 2518.525724
0.947190 2517.958816
0.950332 2517.481410
0.953473 2517.090737
0.956615 2516.783472
0.959757 2516.556679
0.962898 2516.407317
0.966040 2516.332217
0.969181 2516.328353
0.972323 2516.392648
0.975465 2516.522038
0.978606 2516.713378
0.981748 2516.963714
0.984889 2517.269814
0.988031 2517.628798
0.991172 2518.037365
0.994314 2518.492698
0.997456 2518.991601
1.000597 2519.530821
1.003739 2520.107625
1.006880 2520.718573
1.010022 2521.360980
1.013164 2522.031580
1.016305 2522.727073
1.019447 2523.444828
1.022588 2524.181313
1.025730 2524.933923
1.028872 2525.699351
1.032013 2526.474274
1.035155 2527.256109
1.038296 2528.041286
1.041438 2528.827230
1.044580 2529.610617
1.047721 2530.388123
1.050863 2531.157169
1.054004 2531.914193
1.057146 2532.656602
1.060288 2533.381076
1.063429 2534.084321
1.066571 2534.763710
1.069712 2535.415735
1.072854 2536.037739
1.075995 2536.626250
1.079137 2537.178571
1.082279 2537.691431
1.085420 2538.161613
1.088562 2538.586342
1.091703 2538.962273
1.094845 2539.286572
1.097987 2539.556035
1.101128 2539.767528
1.104270 2539.918113
1.107411 2540.004619
1.110553 2540.024026
1.113695 2539.973222
1.116836 2539.849933
1.119978 2539.656392
1.123119 2539.396799
1.126261 2539.075073
1.129403 2538.695368
1.132544 2538.261914
1.135686 2537.778518
1.138827 2537.249568
1.141969 2536.678810
1.145111 2536.070488
1.148252 2535.428895
1.151394 2534.757705
1.154535 2534.061426
1.157677 2533.343697
1.160818 2532.609055
1.163960 2531.861115
1.167102 2531.104192
1.170243 2530.342612
1.173385 2529.579972
1.176526 2528.820839
1.179668 2528.068812
1.182810 2527.328217
1.185951 2526.603365
1.189093 2525.897876
1.192234 2525.216281
1.195376 2524.562228
1.198518 2523.940021
1.201659 2523.353925
1.204801 2522.807648
1.207942 2522.305619
1.211084 2521.851601
1.214226 2521.449844
1.217367 2521.104532
1.220509 2520.819528
1.223650 2520.599093
1.226792 2520.447171
1.229934 2520.367924
1.233075 2520.365425
1.236217 2520.443755
1.239358 2520.606943
1.242500 2520.859177
1.245641 2521.204377
1.248783 2521.646844
1.251925 2522.190568
1.255066 2522.839408
1.258208 2523.597860
1.261349 2524.469521
1.264491 2525.459029
1.267633 2526.570208
1.270774 2527.806728
1.273916 2529.173458
1.277057 2530.673609
1.280199 2532.312219
1.283341 2534.092914
1.286482 2536.019142
1.289624 2538.096212
1.292765 2540.326881
1.295907 2542.716653
1.299049 2545.268926
