0.004712 50023.215677
0.007854 48082.491251
0.010996 46202.227070
0.014137 44381.987256
0.017279 42619.607020
0.020420 40915.202841
0.023562 39266.683689
0.026704 37673.595247
0.029845 36135.412637
0.032987 34650.150669
0.036128 33217.749424
0.039270 31836.291069
0.042412 30505.233888
0.045553 29223.972007
0.048695 27990.683829
0.051836 26805.149045
0.054978 25665.607009
0.058119 24571.777740
0.061261 23521.958986
0.064403 22515.500120
0.067544 21551.695321
0.070686 20628.925127
0.073827 19746.771574
0.076969 18903.667192
0.080111 18098.893162
0.083252 17331.681873
0.086394 16600.539044
0.089535 15904.924732
0.092677 15243.390243
0.095819 14615.156572
0.098960 14019.402320
0.102102 13454.742378
0.105243 12920.530832
0.108385 12415.421760
0.111527 11938.583970
0.114668 11489.150279
0.117810 11065.828747
0.120951 10667.883493
0.124093 10294.055361
0.127235 9943.468974
0.130376 9615.219370
0.133518 9308.091772
0.136659 9021.276335
0.139801 8753.584664
0.142942 8504.181815
0.146084 8271.903212
0.149226 8055.825070
0.152367 7855.002975
0.155509 7668.303290
0.158650 7494.839513
0.161792 7333.495425
0.164934 7183.322260
0.168075 7043.357034
0.171217 6912.504856
0.174358 6789.843677
0.177500 6674.289626
0.180642 6564.876962
0.183783 6460.632129
0.186925 6360.482982
0.190066 6263.488399
0.193208 6168.821700
0.196350 6076.379851
0.199491 5986.159104
0.202633 5898.069898
0.205774 5812.136204
0.208916 5728.271187
0.212058 5646.470419
0.215199 5566.726845
0.218341 5488.957573
0.221482 5413.180005
0.224624 5339.313774
0.227765 5267.373797
0.230907 5197.282151
0.234049 5129.029917
0.237190 5062.605835
0.240332 4997.935494
0.243473 4935.027957
0.246615 4873.811053
0.249757 4814.272961
0.252898 4756.399724
0.256040 4700.122377
0.259181 4645.444640
0.262323 4592.299581
0.265465 4540.672736
0.268606 4490.547705
0.271748 4441.860455
0.274889 4394.609877
0.278031 4348.733769
0.281173 4304.215273
0.284314 4261.035807
0.287456 4219.135759
0.290597 4178.509700
0.293739 4139.099645
0.296881 4100.886604
0.300022 4063.850062
0.303164 4027.934320
0.306305 3993.130140
0.309447 3959.383243
0.312588 3926.683009
0.315730 3894.976501
0.318872 3864.242170
0.322013 3834.457227
0.325155 3805.570592
0.328296 3777.568550
0.331438 3750.401156
0.334580 3724.045339
0.337721 3698.476993
0.340863 3673.647724
0.344004 3649.541234
0.347146 3626.110058
0.350288 3603.329858
0.353429 3581.175470
0.356571 3559.600671
0.359712 3538.587092
0.362854 3518.089237
0.365996 3498.081760
0.369137 3478.538688
0.372279 3459.415463
0.375420 3440.692259
0.378562 3422.334308
0.381704 3404.340919
0.384845 3386.712582
0.387987 3369.433007
0.391128 3352.508130
0.394270 3335.922107
0.397411 3319.680434
0.400553 3303.767704
0.403695 3288.184073
0.406836 3272.929282
0.409978 3257.988551
0.413119 3243.366326
0.416261 3229.048233
0.419403 3215.033910
0.422544 3201.322606
0.425686 3187.900528
0.428827 3174.771155
0.431969 3161.921061
0.435111 3149.349406
0.438252 3137.054994
0.441394 3125.024930
0.444535 3113.261810
0.447677 3101.753078
0.450819 3090.497454
0.453960 3079.493334
0.457102 3068.728648
0.460243 3058.205184
0.463385 3047.911175
0.466527 3037.844943
0.469668 3028.004519
0.472810 3018.378572
0.475951 3008.968165
0.479093 2999.762242
0.482234 2990.761598
0.485376 2981.955438
0.488518 2973.341591
0.491659 2964.917645
0.494801 2956.673169
0.497942 2948.608348
0.501084 2940.712981
0.504226 2932.984598
0.507367 2925.420514
0.510509 2918.010847
0.513650 2910.755251
0.516792 2903.644041
0.519934 2896.674482
0.523075 2889.843663
0.526217 2883.142167
0.529358 2876.569199
0.532500 2870.115506
0.535642 2863.778134
0.538783 2857.553982
0.541925 2851.434020
0.545066 2845.417080
0.548208 2839.494267
0.551350 2833.662445
0.554491 2827.918361
0.557633 2822.253295
0.560774 2816.665849
0.563916 2811.149482
0.567057 2805.707162
0.570199 2800.335022
0.573341 2795.034405
0.576482 2789.806564
0.579624 2784.647769
0.582765 2779.560902
0.585907 2774.542326
0.589049 2769.593268
0.592190 2764.714871
0.595332 2759.903628
0.598473 2755.162200
0.601615 2750.487167
0.604757 2745.879650
0.607898 2741.340682
0.611040 2736.866972
0.614181 2732.460966
0.617323 2728.119460
0.620465 2723.843464
0.623606 2719.633909
0.626748 2715.487713
0.629889 2711.407114
0.633031 2707.389115
0.636173 2703.434622
0.639314 2699.544464
0.642456 2695.715764
0.645597 2691.950556
0.648739 2688.246045
0.651880 2684.604186
0.655022 2681.022260
0.658164 2677.501036
0.661305 2674.041205
0.664447 2670.640162
0.667588 2667.299673
0.670730 2664.017209
0.673872 2660.793443
0.677013 2657.628971
0.680155 2654.521379
0.683296 2651.472244
0.686438 2648.479223
0.689580 2645.542896
0.692721 2642.663769
0.695863 2639.839608
0.699004 2637.071811
0.702146 2634.358215
0.705288 2631.699307
0.708429 2629.095509
0.711571 2626.544761
0.714712 2624.048287
0.717854 2621.604096
0.720996 2619.212590
0.724137 2616.874105
0.727279 2614.586751
0.730420 2612.351584
0.733562 2610.166779
0.736703 2608.033327
0.739845 2605.949468
0.742987 2603.915489
0.746128 2601.931601
0.749270 2599.995914
0.752411 2598.108860
0.755553 2596.268431
0.758695 2594.474429
0.761836 2592.726597
0.764978 2591.023015
0.768119 2589.363961
0.771261 2587.747573
0.774403 2586.173579
0.777544 2584.641654
0.780686 2583.150015
0.783827 2581.698807
0.786969 2580.286298
0.790111 2578.912151
0.793252 2577.575979
0.796394 2576.276123
0.799535 2575.012606
0.802677 2573.783816
0.805819 2572.589355
0.808960 2571.428781
0.812102 2570.300547
0.815243 2569.204567
0.818385 2568.139335
0.821526 2567.104724
0.824668 2566.099268
0.827810 2565.122496
0.830951 2564.173898
0.834093 2563.252063
0.837234 2562.356773
0.840376 2561.486650
0.843518 2560.641178
0.846659 2559.819807
0.849801 2559.021208
0.852942 2558.245084
0.856084 2557.490134
0.859226 2556.755801
0.862367 2556.041503
0.865509 2555.345980
0.868650 2554.668868
0.871792 2554.008928
0.874934 2553.365574
0.878075 2552.738195
0.881217 2552.125586
0.884358 2551.527331
0.887500 2550.942242
0.890642 2550.369705
0.893783 2549.809091
0.896925 2549.259235
0.900066 2548.719683
0.903208 2548.189283
0.906349 2547.667568
0.909491 2547.153399
0.912633 2546.646136
0.915774 2546.145132
0.918916 2545.649261
0.922057 2545.158032
0.925199 2544.670327
0.928341 2544.185496
0.931482 2543.702947
0.934624 2543.222230
0.937765 2542.743848
0.940907 2542.267701
0.944049 2541.794142
0.947190 2541.323526
0.950332 2540.855753
0.953473 2540.391324
0.956615 2539.930147
0.959757 2539.472572
0.962898 2539.018946
0.966040 2538.569182
0.969181 2538.123769
0.972323 2537.682626
0.975465 2537.246098
0.978606 2536.814524
0.981748 2536.387833
0.984889 2535.966498
0.988031 2535.550453
0.991172 2535.140166
0.994314 2534.735578
0.997456 2534.337023
1.000597 2533.944827
1.003739 2533.558945
1.006880 2533.179822
1.010022 2532.807422
1.013164 2532.442067
1.016305 2532.084074
1.019447 2531.733417
1.022588 2531.390522
1.025730 2531.055373
1.028872 2530.728282
1.032013 2530.409554
1.035155 2530.099187
1.038296 2529.797581
1.041438 2529.504747
1.044580 2529.220985
1.047721 2528.946583
1.050863 2528.681570
1.054004 2528.426316
1.057146 2528.180861
1.060288 2527.945491
1.063429 2527.720478
1.066571 2527.505883
1.069712 2527.302042
1.072854 2527.109031
1.075995 2526.927173
1.079137 2526.756556
1.082279 2526.597441
1.085420 2526.450077
1.088562 2526.314573
1.091703 2526.191216
1.094845 2526.080131
1.097987 2525.981562
1.101128 2525.895737
1.104270 2525.822803
1.107411 2525.763010
1.110553 2525.716521
1.113695 2525.683561
1.116836 2525.664260
1.119978 2525.658252
1.123119 2525.665009
1.126261 2525.684001
1.129403 2525.714695
1.132544 2525.756541
1.135686 2525.809033
1.138827 2525.871603
1.141969 2525.943758
1.145111 2526.024945
1.148252 2526.114601
1.151394 2526.212248
1.154535 2526.317292
1.157677 2526.429266
1.160818 2526.547565
1.163960 2526.671729
1.167102 2526.801190
1.170243 2526.935369
1.173385 2527.073819
1.176526 2527.215917
1.179668 2527.361221
1.182810 2527.509151
1.185951 2527.659127
1.189093 2527.810709
1.192234 2527.963268
1.195376 2528.116367
1.198518 2528.269425
1.201659 2528.421857
1.204801 2528.573229
1.207942 2528.722910
1.211084 2528.870462
1.214226 2529.015302
1.217367 2529.156853
1.220509 2529.294672
1.223650 2529.428136
1.226792 2529.556796
1.229934 2529.680077
1.233075 2529.797408
1.236217 2529.908329
1.239358 2530.012237
1.242500 2530.108664
1.245641 2530.197016
1.248783 2530.276814
1.251925 2530.347495
1.255066 2530.408508
1.258208 2530.459358
1.261349 2530.499479
1.264491 2530.528363
1.267633 2530.545461
1.270774 2530.550240
1.273916 2530.542170
1.277057 2530.520722
1.280199 2530.485348
1.283341 2530.435520
1.286482 2530.370727
1.289624 2530.290393
1.292765 2530.194037
1.295907 2530.081063
1.299049 2529.950965
