0.004712 49381.920445
0.007854 47468.380688
0.010996 45614.527580
0.014137 43819.928700
0.017279 42082.447087
0.020420 40402.194865
0.023562 38777.107879
0.026704 37206.735511
0.029845 35690.557487
0.032987 34226.614129
0.036128 32814.843443
0.039270 31453.352228
0.042412 30141.603596
0.045553 28878.997338
0.048695 27663.735232
0.051836 26495.596990
0.054978 25372.844544
0.058119 24295.198717
0.061261 23260.979062
0.064403 22269.541207
0.067544 21320.186319
0.070686 20411.315639
0.073827 19542.513846
0.076969 18712.233473
0.080111 17919.762866
0.083252 17164.342241
0.086394 16444.496324
0.089535 15759.689475
0.092677 15108.491381
0.095819 14490.131019
0.098960 13903.795567
0.102102 13348.117412
0.105243 12822.456415
0.108385 12325.483598
0.111527 11856.376480
0.114668 11414.277109
0.117810 10997.909712
0.120951 10606.545477
0.124093 10238.940934
0.127235 9894.230058
0.130376 9571.517677
0.133518 9269.604038
0.136659 8987.687472
0.139801 8724.594203
0.142942 8479.497851
0.146084 8251.248084
0.149226 8038.931200
0.152367 7841.613213
0.155509 7658.174214
0.158650 7487.737121
0.161792 7329.199141
0.164934 7181.622009
0.168075 7044.053511
0.171217 6915.411780
0.174358 6794.784855
0.177500 6681.101659
0.180642 6573.407278
0.183783 6470.739176
0.186925 6372.037712
0.190066 6276.372332
0.193208 6182.926515
0.196350 6091.600370
0.199491 6002.392503
0.202633 5915.216653
0.205774 5830.098866
0.208916 5746.955486
0.212058 5665.784467
0.215199 5586.581254
0.218341 5509.265955
0.221482 5433.858340
0.224624 5360.280935
0.227765 5288.551129
0.230907 5218.593792
0.234049 5150.402582
0.237190 5083.968911
0.240332 5019.221019
0.243473 4956.170676
0.246615 4894.748276
0.249757 4834.944693
0.252898 4776.748738
0.256040 4720.093898
0.259181 4664.986789
0.262323 4611.362865
0.265465 4559.210446
0.268606 4508.515980
0.271748 4459.217728
0.274889 4411.317627
0.278031 4364.755716
0.281173 4319.518000
0.284314 4275.588794
0.287456 4232.910670
0.290597 4191.481347
0.293739 4151.244989
0.296881 4112.185513
0.300022 4074.285340
0.303164 4037.490881
0.306305 4001.796110
0.309447 3967.148840
0.312588 3933.541681
0.315730 3900.923776
0.318872 3869.276519
0.322013 3838.580072
0.325155 3808.785430
0.328296 3779.882113
0.331438 3751.822259
0.334580 3724.585743
0.337721 3698.151392
0.340863 3672.472915
0.344004 3647.537213
0.347146 3623.298949
0.350288 3599.736712
0.353429 3576.828229
0.356571 3554.529456
0.359712 3532.825140
0.362854 3511.672004
0.365996 3491.047583
0.369137 3470.928741
0.372279 3451.273209
0.375420 3432.064142
0.378562 3413.267784
0.381704 3394.882608
0.384845 3376.907969
0.387987 3359.326118
0.391128 3342.141947
0.394270 3325.338212
0.397411 3308.919309
0.400553 3292.868482
0.403695 3277.184712
0.406836 3261.866517
0.409978 3246.897839
0.413119 3232.281908
0.416261 3218.003114
0.419403 3204.059861
0.422544 3190.450126
0.425686 3177.158941
0.428827 3164.188466
0.431969 3151.524140
0.435111 3139.163838
0.438252 3127.105049
0.441394 3115.333791
0.444535 3103.851258
0.447677 3092.643835
0.450819 3081.708920
0.453960 3071.043561
0.457102 3060.634665
0.460243 3050.482559
0.463385 3040.574474
0.466527 3030.907379
0.469668 3021.477936
0.472810 3012.273837
0.475951 3003.294642
0.479093 2994.528331
0.482234 2985.974183
0.485376 2977.620449
0.488518 2969.463583
0.491659 2961.499784
0.494801 2953.717680
0.497942 2946.115925
0.501084 2938.683375
0.504226 2931.416175
0.507367 2924.310258
0.510509 2917.354797
0.513650 2910.547919
0.516792 2903.878988
0.519934 2897.343890
0.523075 2890.938340
0.526217 2884.651956
0.529358 2878.482441
0.532500 2872.419564
0.535642 2866.459002
0.538783 2860.596303
0.541925 2854.821432
0.545066 2849.131764
0.548208 2843.517375
0.551350 2837.973785
0.554491 2832.496423
0.557633 2827.075499
0.560774 2821.708250
0.563916 2816.387881
0.567057 2811.117821
0.570199 2805.894961
0.573341 2800.721236
0.576482 2795.598513
0.579624 2790.523778
0.582765 2785.500509
0.585907 2780.525754
0.589049 2775.601367
0.592190 2770.729138
0.595332 2765.906211
0.598473 2761.135903
0.601615 2756.415425
0.604757 2751.746549
0.607898 2747.130984
0.611040 2742.566037
0.614181 2738.054863
0.617323 2733.594833
0.620465 2729.187641
0.623606 2724.834911
0.626748 2720.534118
0.629889 2716.288246
0.633031 2712.094839
0.636173 2707.955504
0.639314 2703.871780
0.642456 2699.841312
0.645597 2695.866914
0.648739 2691.946302
0.651880 2688.082218
0.655022 2684.272449
0.658164 2680.518480
0.661305 2676.821727
0.664447 2673.180082
0.667588 2669.596111
0.670730 2666.067778
0.673872 2662.596480
0.677013 2659.183543
0.680155 2655.827038
0.683296 2652.529351
0.686438 2649.288627
0.689580 2646.106174
0.692721 2642.983222
0.695863 2639.918031
0.699004 2636.912798
0.702146 2633.965857
0.705288 2631.078420
0.708429 2628.251625
0.711571 2625.483920
0.714712 2622.777312
0.717854 2620.130325
0.720996 2617.544078
0.724137 2615.019611
0.727279 2612.555564
0.730420 2610.153752
0.733562 2607.812893
0.736703 2605.534724
0.739845 2603.318040
0.742987 2601.163824
0.746128 2599.072935
0.749270 2597.043500
0.752411 2595.075654
0.755553 2593.166969
0.758695 2591.316904
0.761836 2589.524843
0.764978 2587.788471
0.768119 2586.107716
0.771261 2584.480333
0.774403 2582.905689
0.777544 2581.383084
0.780686 2579.910372
0.783827 2578.487315
0.786969 2577.111832
0.790111 2575.783207
0.793252 2574.500664
0.796394 2573.262210
0.799535 2572.067459
0.802677 2570.914474
0.805819 2569.802465
0.808960 2568.730591
0.812102 2567.696994
0.815243 2566.701156
0.818385 2565.741266
0.821526 2564.816760
0.824668 2563.925874
0.827810 2563.067731
0.830951 2562.241413
0.834093 2561.445216
0.837234 2560.678474
0.840376 2559.939521
0.843518 2559.227429
0.846659 2558.541238
0.849801 2557.879333
0.852942 2557.240961
0.856084 2556.624539
0.859226 2556.029097
0.862367 2555.453640
0.865509 2554.896624
0.868650 2554.357229
0.871792 2553.833936
0.874934 2553.325742
0.878075 2552.831626
0.881217 2552.350097
0.884358 2551.880287
0.887500 2551.420720
0.890642 2550.970371
0.893783 2550.528204
0.896925 2550.092760
0.900066 2549.663142
0.903208 2549.237899
0.906349 2548.816128
0.909491 2548.396382
0.912633 2547.977621
0.915774 2547.558802
0.918916 2547.138482
0.922057 2546.715752
0.925199 2546.289169
0.928341 2545.857688
0.931482 2545.420374
0.934624 2544.976848
0.937765 2544.527842
0.940907 2544.073531
0.944049 2543.614516
0.947190 2543.151404
0.950332 2542.684358
0.953473 2542.214135
0.956615 2541.740895
0.959757 2541.265245
0.962898 2540.787796
0.966040 2540.308704
0.969181 2539.828732
0.972323 2539.348034
0.975465 2538.867221
0.978606 2538.386905
0.981748 2537.907239
0.984889 2537.428987
0.988031 2536.952304
0.991172 2536.477951
0.994314 2536.006086
0.997456 2535.537318
1.000597 2535.072255
1.003739 2534.611059
1.006880 2534.154482
1.010022 2533.702692
1.013164 2533.256296
1.016305 2532.815890
1.019447 2532.381653
1.022588 2531.954321
1.025730 2531.534080
1.028872 2531.121527
1.032013 2530.717247
1.035155 2530.321442
1.038296 2529.934823
1.041438 2529.557603
1.044580 2529.190365
1.047721 2528.833680
1.050863 2528.487780
1.054004 2528.153344
1.057146 2527.830617
1.060288 2527.520167
1.063429 2527.222545
1.066571 2526.938022
1.069712 2526.667236
1.072854 2526.410475
1.075995 2526.168360
1.079137 2525.941196
1.082279 2525.729521
1.085420 2525.533855
1.088562 2525.354532
1.091703 2525.192124
1.094845 2525.046987
1.097987 2524.919634
1.101128 2524.810556
1.104270 2524.720143
1.107411 2524.648911
1.110553 2524.597273
1.113695 2524.565714
1.116836 2524.554551
1.119978 2524.563218
1.123119 2524.590815
1.126261 2524.636464
1.129403 2524.699265
1.132544 2524.778296
1.135686 2524.872711
1.138827 2524.981556
1.141969 2525.104006
1.145111 2525.239133
1.148252 2525.385993
1.151394 2525.543786
1.154535 2525.711516
1.157677 2525.888396
1.160818 2526.073418
1.163960 2526.265805
1.167102 2526.464605
1.170243 2526.668857
1.173385 2526.877795
1.176526 2527.090394
1.179668 2527.305892
1.182810 2527.523329
1.185951 2527.741739
1.189093 2527.960366
1.192234 2528.178177
1.195376 2528.394416
1.198518 2528.608119
1.201659 2528.818323
1.204801 2529.024269
1.207942 2529.224929
1.211084 2529.419539
1.214226 2529.607137
1.217367 2529.786772
1.220509 2529.957665
1.223650 2530.118812
1.226792 2530.269420
1.229934 2530.408543
1.233075 2530.535246
1.236217 2530.648716
1.239358 2530.747985
1.242500 2530.832223
1.245641 2530.900480
1.248783 2530.951907
1.251925 2530.985583
1.255066 2531.000611
1.258208 2530.996107
1.261349 2530.971179
1.264491 2530.924915
1.267633 2530.856427
1.270774 2530.764851
1.273916 2530.649234
1.277057 2530.508756
1.280199 2530.342433
1.283341 2530.149409
1.286482 2529.928866
1.289624 2529.679766
1.292765 2529.401375
1.295907 2529.092621
1.299049 2528.752692
