0.003142 0.000000
0.006283 53130.999512
0.009425 24200.899889
0.012566 39996.589092
0.015708 107857.684902
0.018850 48235.167681
0.021991 44358.312530
0.025133 39099.473204
0.028274 49374.377763
0.031416 41890.084660
0.034558 31463.798749
0.037699 29044.993479
0.040841 33033.902589
0.043982 29154.405815
0.047124 28939.870905
0.050265 28882.005779
0.053407 25726.334632
0.056549 23804.908692
0.059690 21864.710120
0.062832 22083.966100
0.065973 21219.799481
0.069115 19920.287188
0.072257 21261.422890
0.075398 18661.764642
0.078540 16802.614626
0.081681 17722.910805
0.084823 15113.859052
0.087965 15847.147624
0.091106 13828.092519
0.094248 13177.831926
0.097389 13006.608098
0.100531 12586.188697
0.103673 11930.162385
0.106814 12044.426426
0.109956 11059.722734
0.113097 11280.815833
0.116239 10874.801339
0.119381 10349.125032
0.122522 10321.694178
0.125664 9895.615652
0.128805 10141.503936
0.131947 9433.532944
0.135088 9651.425022
0.138230 9153.834885
0.141372 8880.175486
0.144513 8509.506775
0.147655 8604.904402
0.150796 7822.973297
0.153938 7764.359780
0.157080 7182.553228
0.160221 7490.962643
0.163363 7190.304336
0.166504 6921.560036
0.169646 7140.175762
0.172788 6690.843044
0.175929 6794.167404
0.179071 6801.608270
0.182212 6683.091703
0.185354 6375.348494
0.188496 6313.223245
0.191637 6200.245838
0.194779 5874.476868
0.197920 6088.566695
0.201062 5850.195100
0.204204 5856.092948
0.207345 5714.435448
0.210487 5708.346632
0.213628 5452.596440
0.216770 5559.072540
0.219911 5370.838639
0.223053 5347.645964
0.226195 5266.447597
0.229336 5185.579221
0.232478 5122.250994
0.235619 5046.406134
0.238761 4833.876361
0.241903 4894.917968
0.245044 4877.591403
0.248186 4847.548239
0.251327 4755.383810
0.254469 4763.090567
0.257611 4625.912192
0.260752 4580.213132
0.263894 4423.876758
0.267035 4432.480383
0.270177 4453.565660
0.273319 4329.690542
0.276460 4436.018369
0.279602 4263.528872
0.282743 4316.037197
0.285885 4075.532914
0.289027 4074.046133
0.292168 4106.564040
0.295310 4084.027820
0.298451 3988.370055
0.301593 4011.609290
0.304734 3980.735545
0.307876 4012.133650
0.311018 3935.108745
0.314159 3960.108538
0.317301 3772.729922
0.320442 3806.960574
0.323584 3826.916439
0.326726 3768.125660
0.329867 3764.453677
0.333009 3685.410935
0.336150 3769.531202
0.339292 3656.846581
0.342434 3666.189327
0.345575 3633.194966
0.348717 3611.342910
0.351858 3569.769751
0.355000 3595.446609
0.358142 3534.780306
0.361283 3461.650326
0.364425 3469.075072
0.367566 3458.402079
0.370708 3476.464682
0.373850 3408.652452
0.376991 3426.010252
0.380133 3448.264041
0.383274 3397.078028
0.386416 3406.680101
0.389557 3355.858290
0.392699 3336.550713
0.395841 3314.610936
0.398982 3347.282057
0.402124 3289.802618
0.405265 3256.450461
0.408407 3282.613667
0.411549 3257.191534
0.414690 3236.047042
0.417832 3268.822028
0.420973 3216.739465
0.424115 3146.263556
0.427257 3172.699256
0.430398 3149.184845
0.433540 3124.119812
0.436681 3160.621217
0.439823 3121.019517
0.442965 3158.993471
0.446106 3073.614197
0.449248 3097.831248
0.452389 3137.315798
0.455531 3086.442540
0.458673 3063.990993
0.461814 3080.857301
0.464956 3029.483774
0.468097 3054.329785
0.471239 3063.589690
0.474380 3025.832325
0.477522 2980.338123
0.480664 2986.343579
0.483805 2953.443090
0.486947 2961.697309
0.490088 2954.093023
0.493230 3002.946877
0.496372 2983.933646
0.499513 2953.251401
0.502655 2917.685871
0.505796 2947.616701
0.508938 2971.444010
0.512080 2921.144595
0.515221 2867.133892
0.518363 2894.405455
0.521504 2901.234210
0.524646 2831.686605
0.527788 2853.074252
0.530929 2824.432051
0.534071 2870.204504
0.537212 2854.308117
0.540354 2843.506000
0.543496 2854.358944
0.546637 2839.079698
0.549779 2847.878958
0.552920 2853.975823
0.556062 2804.549063
0.559203 2796.121451
0.562345 2797.920384
0.565487 2784.255421
0.568628 2812.106333
0.571770 2790.732804
0.574911 2766.861337
0.578053 2778.626911
0.581195 2770.348770
0.584336 2770.477964
0.587478 2751.821907
0.590619 2742.699014
0.593761 2777.977816
0.596903 2712.247718
0.600044 2700.289120
0.603186 2765.039266
0.606327 2718.022439
0.609469 2723.694697
0.612611 2740.129005
0.615752 2732.330925
0.618894 2748.065979
0.622035 2722.021501
0.625177 2742.958620
0.628319 2707.043280
0.631460 2688.779670
0.634602 2675.828222
0.637743 2704.575227
0.640885 2706.945068
0.644026 2681.428105
0.647168 2704.728134
0.650310 2701.419667
0.653451 2665.942259
0.656593 2691.186494
0.659734 2672.182017
0.662876 2656.558555
0.666018 2658.264884
0.669159 2662.702136
0.672301 2659.233949
0.675442 2660.510567
0.678584 2636.113632
0.681726 2673.619202
0.684867 2634.958095
0.688009 2654.499257
0.691150 2639.533292
0.694292 2646.083365
0.697434 2633.210611
0.700575 2653.765777
0.703717 2646.971759
0.706858 2653.782631
0.710000 2631.114433
0.713142 2635.459252
0.716283 2626.222912
0.719425 2603.055280
0.722566 2620.797976
0.725708 2627.364466
0.728849 2635.916864
0.731991 2609.018898
0.735133 2609.899708
0.738274 2600.304081
0.741416 2607.045952
0.744557 2599.506761
0.747699 2627.968931
0.750841 2589.123147
0.753982 2593.985985
0.757124 2600.864513
0.760265 2598.737871
0.763407 2584.113662
0.766549 2587.752491
0.769690 2594.840298
0.772832 2576.047549
0.775973 2564.627264
0.779115 2593.231984
0.782257 2593.695876
0.785398 2564.075029
0.788540 2550.066061
0.791681 2588.570852
0.794823 2592.699077
0.797965 2575.392531
0.801106 2575.242037
0.804248 2590.457387
0.807389 2585.939877
0.810531 2578.308237
0.813672 2555.759509
0.816814 2574.257671
0.819956 2544.675364
0.823097 2554.255816
0.826239 2550.476055
0.829380 2571.878951
0.832522 2551.882892
0.835664 2563.909327
0.838805 2559.040162
0.841947 2560.352917
0.845088 2565.607071
0.848230 2543.599647
0.851372 2572.348733
0.854513 2554.073364
0.857655 2556.822417
0.860796 2563.148952
0.863938 2550.742991
0.867080 2547.916429
0.870221 2541.468797
0.873363 2541.966766
0.876504 2558.308180
0.879646 2546.985504
0.882788 2543.951101
0.885929 2536.516991
0.889071 2565.904156
0.892212 2562.451891
0.895354 2540.860375
0.898495 2533.314949
0.901637 2534.112832
0.904779 2553.172145
0.907920 2566.244617
0.911062 2558.479606
0.914203 2547.687048
0.917345 2539.854577
0.920487 2537.377794
0.923628 2527.663019
0.926770 2534.476761
0.929911 2546.324358
0.933053 2571.723090
0.936195 2545.849584
0.939336 2548.726390
0.942478 2535.575613
0.945619 2552.507325
0.948761 2542.244828
0.951903 2546.623018
0.955044 2530.256839
0.958186 2532.858158
0.961327 2542.522187
0.964469 2514.453682
0.967611 2548.118715
0.970752 2535.010496
0.973894 2538.236201
0.977035 2558.224698
0.980177 2539.553033
0.983319 2522.272152
0.986460 2535.464649
0.989602 2549.339348
0.992743 2530.482262
0.995885 2535.553989
0.999026 2543.130762
1.002168 2520.809971
1.005310 2544.809037
1.008451 2549.592593
1.011593 2549.838125
1.014734 2515.218661
1.017876 2543.032274
1.021018 2516.885627
1.024159 2560.583910
1.027301 2532.695320
1.030442 2561.612066
1.033584 2511.957490
1.036726 2549.102560
1.039867 2529.746506
1.043009 2497.783236
1.046150 2522.407497
1.049292 2522.533180
1.052434 2524.558261
1.055575 2545.841935
1.058717 2529.811950
1.061858 2520.071063
1.065000 2518.202235
1.068142 2512.833408
1.071283 2553.407122
1.074425 2521.958042
1.077566 2522.531169
1.080708 2515.039142
1.083849 2509.615127
1.086991 2500.191647
1.090133 2515.190502
1.093274 2545.878449
1.096416 2500.156265
1.099557 2525.412967
1.102699 2521.001671
1.105841 2534.651720
1.108982 2485.407457
1.112124 2555.566722
1.115265 2523.070953
1.118407 2501.241070
1.121549 2524.789014
1.124690 2534.908193
1.127832 2546.425065
1.130973 2578.655604
1.134115 2520.098095
1.137257 2538.223913
1.140398 2513.891837
1.143540 2532.659004
1.146681 2521.818054
1.149823 2532.275705
1.152965 2527.540229
1.156106 2519.783693
1.159248 2473.155592
1.162389 2510.208810
1.165531 2539.860662
1.168672 2545.193405
1.171814 2546.017629
1.174956 2529.913169
1.178097 2526.412682
1.181239 2565.659516
1.184380 2530.491018
1.187522 2537.467567
1.190664 2589.032944
1.193805 2471.001337
1.196947 2440.704418
1.200088 2565.709601
1.203230 2549.695565
1.206372 2554.200692
1.209513 2523.138109
1.212655 2546.963860
1.215796 2494.458976
1.218938 2523.381812
1.222080 2510.978847
1.225221 2541.622885
1.228363 2522.732565
1.231504 2531.396973
1.234646 2490.413536
1.237788 2493.848195
1.240929 2541.478625
1.244071 2473.248652
1.247212 2632.714287
1.250354 2587.023348
1.253495 2466.422564
1.256637 2505.696228
1.259779 2602.244306
1.262920 2557.428824
1.266062 2567.225116
1.269203 2579.462243
1.272345 2484.066772
1.275487 2496.864560
1.278628 2461.131967
1.281770 2454.871024
1.284911 2540.433933
1.288053 2631.952516
1.291195 2441.116917
1.294336 2577.513073
1.297478 2549.438724
1.300619 2552.742410
1.303761 2472.446750
1.306903 2570.463635
1.310044 2556.621104
1.313186 2651.710004
1.316327 2588.084496
1.319469 2489.572969
1.322611 2536.303753
1.325752 2514.374575
1.328894 2712.511250
1.332035 2578.313285
1.335177 2624.696374
1.338318 2605.654964
1.341460 2472.382329
1.344602 2425.056292
1.347743 2578.765488
1.350885 2573.849591
1.354026 2712.880068
1.357168 2835.112186
1.360310 2500.791164
1.363451 2565.129966
1.366593 2725.588349
1.369734 2023.697914
1.372876 2149.122917
1.376018 2231.098542
1.379159 2147.230475
1.382301 0.000000
1.385442 1364.539328
1.388584 2303.934305
1.391726 0.351062
1.394867 0.000000
