0.003142 51546.984227
0.006283 49205.652715
0.009425 46956.921404
0.012566 44800.102051
0.015708 42731.700778
0.018850 40750.297552
0.021991 38854.361594
0.025133 37040.565141
0.028274 35307.943098
0.031416 33653.271691
0.034558 32074.994148
0.037699 30571.456449
0.040841 29139.580687
0.043982 27778.158660
0.047124 26484.202952
0.050265 25256.417569
0.053407 24091.900188
0.056549 22988.930949
0.059690 21945.711642
0.062832 20959.457465
0.065973 20028.676560
0.069115 19150.655718
0.072257 18323.578834
0.075398 17545.564953
0.078540 16813.998138
0.081681 16127.224416
0.084823 15482.685944
0.087965 14878.487247
0.091106 14312.681497
0.094248 13782.787878
0.097389 13287.024043
0.100531 12822.953774
0.103673 12388.619097
0.106814 11982.024182
0.109956 11600.789590
0.113097 11243.038347
0.116239 10906.422114
0.119381 10588.937289
0.122522 10288.555915
0.125664 10002.966183
0.128805 9730.230237
0.131947 9468.174957
0.135088 9216.106222
0.138230 8973.626087
0.141372 8740.585261
0.144513 8516.822440
0.147655 8301.964103
0.150796 8095.916070
0.153938 7898.316100
0.157080 7709.000068
0.160221 7527.793306
0.163363 7354.349387
0.166504 7188.547773
0.169646 7030.051848
0.172788 6878.684490
0.175929 6734.259503
0.179071 6596.453884
0.182212 6465.124407
0.185354 6339.956405
0.188496 6220.761600
0.191637 6107.344107
0.194779 5999.400666
0.197920 5896.769042
0.201062 5799.152844
0.204204 5706.354471
0.207345 5618.170189
0.210487 5534.312805
0.213628 5454.604753
0.216770 5378.764238
0.219911 5306.608590
0.223053 5237.860822
0.226195 5172.313375
0.229336 5109.754612
0.232478 5049.913658
0.235619 4992.597660
0.238761 4937.539080
0.241903 4884.525448
0.245044 4833.341692
0.248186 4783.724180
0.251327 4735.473549
0.254469 4688.328035
0.257611 4642.075646
0.260752 4596.605257
0.263894 4551.877380
0.267035 4507.916085
0.270177 4464.688976
0.273319 4422.205765
0.276460 4380.475215
0.279602 4339.466353
0.282743 4299.200880
0.285885 4259.648754
0.289027 4220.818507
0.292168 4182.717751
0.295310 4145.317822
0.298451 4108.638125
0.301593 4072.650902
0.304734 4037.374659
0.307876 4002.782530
0.311018 3968.881453
0.314159 3935.677487
0.317301 3903.145085
0.320442 3871.300555
0.323584 3840.119216
0.326726 3809.606911
0.329867 3779.768629
0.333009 3750.580968
0.336150 3722.058105
0.339292 3694.177476
0.342434 3666.943861
0.345575 3640.361218
0.348717 3614.408216
0.351858 3589.096975
0.355000 3564.406975
0.358142 3540.341969
0.361283 3516.904919
0.364425 3494.076495
0.367566 3471.866830
0.370708 3450.257377
0.373850 3429.250900
0.376991 3408.849396
0.380133 3389.035471
0.383274 3369.817325
0.386416 3351.175716
0.389557 3333.109412
0.392699 3315.592935
0.395841 3298.618146
0.398982 3282.176219
0.402124 3266.242708
0.405265 3250.813785
0.408407 3235.865652
0.411549 3221.389318
0.414690 3207.375196
0.417832 3193.800385
0.420973 3180.659558
0.424115 3167.930370
0.427257 3155.603094
0.430398 3143.667489
0.433540 3132.101981
0.436681 3120.899961
0.439823 3110.040321
0.442965 3099.512704
0.446106 3089.306331
0.449248 3079.400727
0.452389 3069.788228
0.455531 3060.448737
0.458673 3051.371381
0.461814 3042.544952
0.464956 3033.949855
0.468097 3025.577590
0.471239 3017.408851
0.474380 3009.434867
0.477522 3001.636587
0.480664 2994.002597
0.483805 2986.521280
0.486947 2979.173894
0.490088 2971.951148
0.493230 2964.834466
0.496372 2957.812187
0.499513 2950.872529
0.502655 2943.997099
0.505796 2937.176303
0.508938 2930.391821
0.512080 2923.633834
0.515221 2916.902891
0.518363 2910.196532
0.521504 2903.520852
0.524646 2896.873428
0.527788 2890.258217
0.530929 2883.679135
0.534071 2877.133821
0.537212 2870.628266
0.540354 2864.160156
0.543496 2857.733395
0.546637 2851.351836
0.549779 2845.013242
0.552920 2838.723473
0.556062 2832.480353
0.559203 2826.289681
0.562345 2820.149343
0.565487 2814.063144
0.568628 2808.034823
0.571770 2802.062368
0.574911 2796.151407
0.578053 2790.300004
0.581195 2784.511877
0.584336 2778.790664
0.587478 2773.134550
0.590619 2767.548962
0.593761 2762.032169
0.596903 2756.587789
0.600044 2751.219346
0.603186 2745.925249
0.606327 2740.710694
0.609469 2735.574188
0.612611 2730.519230
0.615752 2725.549218
0.618894 2720.662813
0.622035 2715.864953
0.625177 2711.154409
0.628319 2706.534549
0.631460 2702.008629
0.634602 2697.575592
0.637743 2693.239977
0.640885 2688.999292
0.644026 2684.855498
0.647168 2680.805195
0.650310 2676.848957
0.653451 2672.987238
0.656593 2669.216818
0.659734 2665.539337
0.662876 2661.951693
0.666018 2658.454309
0.669159 2655.047496
0.672301 2651.728324
0.675442 2648.498145
0.678584 2645.354142
0.681726 2642.296595
0.684867 2639.325678
0.688009 2636.438736
0.691150 2633.636847
0.694292 2630.917468
0.697434 2628.280741
0.700575 2625.726707
0.703717 2623.252978
0.706858 2620.860369
0.710000 2618.546595
0.713142 2616.311671
0.716283 2614.155509
0.719425 2612.075976
0.722566 2610.073635
0.725708 2608.146450
0.728849 2606.294888
0.731991 2604.517010
0.735133 2602.812655
0.738274 2601.181570
0.741416 2599.621957
0.744557 2598.134048
0.747699 2596.716134
0.750841 2595.367940
0.753982 2594.089102
0.757124 2592.878043
0.760265 2591.734775
0.763407 2590.657783
0.766549 2589.645431
0.769690 2588.694245
0.772832 2587.799718
0.775973 2586.958522
0.779115 2586.166220
0.782257 2585.419186
0.785398 2584.713739
0.788540 2584.045527
0.791681 2583.411077
0.794823 2582.806085
0.797965 2582.226857
0.801106 2581.669664
0.804248 2581.130253
0.807389 2580.605067
0.810531 2580.089871
0.813672 2579.581095
0.816814 2579.074514
0.819956 2578.566389
0.823097 2578.052983
0.826239 2577.530070
0.829380 2576.994082
0.832522 2576.440778
0.835664 2575.866426
0.838805 2575.267318
0.841947 2574.639172
0.845088 2573.978490
0.848230 2573.280950
0.851372 2572.542855
0.854513 2571.760562
0.857655 2570.929670
0.860796 2570.046810
0.863938 2569.107520
0.867080 2568.108170
0.870221 2567.045208
0.873363 2565.914056
0.876504 2564.711536
0.879646 2563.432981
0.882788 2562.074861
0.885929 2560.633747
0.889071 2559.104822
0.892212 2557.487773
0.895354 2555.788251
0.898495 2554.015531
0.901637 2552.176680
0.904779 2550.280450
0.907920 2548.335664
0.911062 2546.349282
0.914203 2544.330760
0.917345 2542.287009
0.920487 2540.226865
0.923628 2538.159185
0.926770 2536.090850
0.929911 2534.031368
0.933053 2531.987624
0.936195 2529.968474
0.939336 2527.982742
0.942478 2526.037361
0.945619 2524.141761
0.948761 2522.302932
0.951903 2520.529683
0.955044 2518.830742
0.958186 2517.213223
0.961327 2515.686347
0.964469 2514.257340
0.967611 2512.934900
0.970752 2511.727591
0.973894 2510.642840
0.977035 2509.689531
0.980177 2508.875253
0.983319 2508.208529
0.986460 2507.697695
0.989602 2507.350621
0.992743 2507.175720
0.995885 2507.181079
0.999026 2507.374886
1.002168 2507.765460
1.005310 2508.360970
1.008451 2509.169321
1.011593 2510.199223
1.014734 2511.458215
1.017876 2512.952850
1.021018 2514.671470
1.024159 2516.594875
1.027301 2518.705709
1.030442 2520.984059
1.033584 2523.412795
1.036726 2525.972633
1.039867 2528.644124
1.043009 2531.410389
1.046150 2534.251096
1.049292 2537.149474
1.052434 2540.086046
1.055575 2543.041285
1.058717 2545.998495
1.061858 2548.937222
1.065000 2551.840756
1.068142 2554.689576
1.071283 2557.464227
1.074425 2560.147896
1.077566 2562.720304
1.080708 2565.164510
1.083849 2567.460387
1.086991 2569.590816
1.090133 2571.536459
1.093274 2573.278212
1.096416 2574.798603
1.099557 2576.078095
1.102699 2577.098922
1.105841 2577.842054
1.108982 2578.288813
1.112124 2578.420905
1.115265 2578.219674
1.118407 2577.666412
1.121549 2576.742547
1.124690 2575.429975
1.127832 2573.709282
1.130973 2571.562990
1.134115 2568.971156
1.137257 2565.915808
1.140398 2562.379567
1.143540 2558.343463
1.146681 2553.828187
1.149823 2548.879947
1.152965 2543.550276
1.156106 2537.891191
1.159248 2531.949247
1.162389 2525.778362
1.165531 2519.424762
1.168672 2512.942628
1.171814 2506.377987
1.174956 2499.783057
1.178097 2493.210091
1.181239 2486.705061
1.184380 2480.322242
1.187522 2474.107726
1.190664 2468.113739
1.193805 2462.392222
1.196947 2456.989690
1.200088 2451.959716
1.203230 2447.349254
1.206372 2443.210138
1.209513 2439.593600
1.212655 2436.547495
1.215796 2434.123896
1.218938 2432.371417
1.222080 2431.341101
1.225221 2431.083072
1.228363 2431.647323
1.231504 2433.083629
1.234646 2435.443061
1.237788 2438.775474
1.240929 2443.129484
1.244071 2448.558019
1.247212 2455.107760
1.250354 2462.833033
1.253495 2471.779056
1.256637 2482.001682
1.259779 2493.548431
1.262920 2506.465136
1.266062 2520.810178
1.269203 2536.623259
1.272345 2553.835945
1.275487 2572.132418
1.278628 2591.170752
1.281770 2610.627377
1.284911 2630.154361
1.288053 2649.428446
1.291195 2668.107628
1.294336 2685.850661
1.297478 2702.333153
1.300619 2717.209062
1.303761 2730.152169
1.306903 2740.821684
1.310044 2748.879713
1.313186 2753.995695
1.316327 2755.830824
1.319469 2754.050578
1.322611 2748.318052
1.325752 2738.301371
1.328894 2723.658468
1.332035 2704.063112
1.335177 2679.167137
1.338318 2648.650840
1.341460 2612.159098
1.344602 2569.364933
1.347743 2519.949389
1.350885 2463.545309
1.354026 2399.853048
1.357168 2328.496358
1.360310 2249.158556
1.363451 2161.533118
1.366593 2065.228558
1.369734 1959.970627
1.372876 1845.356614
1.376018 1721.082799
1.379159 1586.857763
1.382301 1442.260346
1.385442 1287.047043
1.388584 1120.783329
1.391726 943.181126
1.394867 753.966787
