0.006283 46799.207067
0.007854 45745.898270
0.009425 44713.927301
0.010996 43703.045262
0.012566 42713.626876
0.014137 41744.162973
0.015708 40795.041462
0.017279 39866.013445
0.018850 38956.830024
0.020420 38067.802375
0.021991 37197.549214
0.023562 36346.394112
0.025133 35514.088169
0.026704 34700.382489
0.028274 33905.528660
0.029845 33128.265364
0.031416 32368.855793
0.032987 31627.051048
0.034558 30902.602231
0.036128 30195.705304
0.037699 29505.210996
0.039270 28831.326079
0.040841 28173.801654
0.042412 27532.388823
0.043982 26907.231881
0.045553 26297.285683
0.047124 25702.704543
0.048695 25123.239561
0.050265 24558.996550
0.051836 24009.007964
0.053407 23473.389000
0.054978 22951.890758
0.056549 22444.264342
0.058119 21950.571023
0.059690 21469.933127
0.061261 21002.420518
0.062832 20547.784299
0.064403 20105.775571
0.065973 19676.415026
0.067544 19258.906942
0.069115 18853.279812
0.070686 18459.284738
0.072257 18076.672821
0.073827 17705.428133
0.075398 17344.828984
0.076969 16994.866456
0.078540 16655.291649
0.080111 16325.855665
0.081681 16006.509916
0.083252 15696.598826
0.084823 15396.080022
0.086394 15104.704605
0.087965 14822.223678
0.089535 14548.559951
0.091106 14283.116041
0.092677 14025.820084
0.094248 13776.423180
0.095819 13534.676432
0.097389 13300.477809
0.098960 13073.280203
0.100531 12852.986215
0.102102 12639.346947
0.103673 12432.113501
0.105243 12231.163065
0.106814 12035.990885
0.108385 11846.477989
0.109956 11662.375480
0.111527 11483.434458
0.113097 11309.515291
0.114668 11140.147660
0.116239 10975.194980
0.117810 10814.408351
0.119381 10657.538877
0.120951 10504.434062
0.122522 10354.650102
0.124093 10208.036760
0.125664 10064.354373
0.127235 9923.483286
0.128805 9785.474745
0.130376 9650.118895
0.131947 9517.470457
0.133518 9387.495365
0.135088 9260.239776
0.136659 9135.507536
0.138230 9013.346470
0.139801 8893.722515
0.141372 8776.601607
0.142942 8662.021882
0.144513 8549.803333
0.146084 8439.985658
0.147655 8332.534794
0.149226 8227.416675
0.150796 8124.661963
0.152367 8024.105712
0.153938 7925.780036
0.155509 7829.650869
0.157080 7735.684148
0.158650 7643.903597
0.160221 7554.158252
0.161792 7466.473180
0.163363 7380.814318
0.164934 7297.147601
0.166504 7215.490361
0.168075 7135.704527
0.169646 7057.808668
0.171217 6981.768718
0.172788 6907.550612
0.174358 6835.165831
0.175929 6764.488117
0.177500 6695.530076
0.179071 6628.257644
0.180642 6562.636757
0.182212 6498.673584
0.183783 6436.252596
0.185354 6375.380981
0.186925 6316.024675
0.188496 6258.149613
0.190066 6201.757197
0.191637 6146.741542
0.193208 6093.104960
0.194779 6040.813387
0.196350 5989.832758
0.197920 5940.160247
0.199491 5891.698533
0.201062 5844.445590
0.202633 5798.367357
0.204204 5753.429766
0.205774 5709.626311
0.207345 5666.867143
0.208916 5625.146448
0.210487 5584.430161
0.212058 5544.684217
0.213628 5505.898965
0.215199 5467.990952
0.216770 5430.951111
0.218341 5394.745377
0.219911 5359.361976
0.221482 5324.721787
0.223053 5290.813535
0.224624 5257.603154
0.226195 5225.056581
0.227765 5193.159874
0.229336 5161.838353
0.230907 5131.078469
0.232478 5100.846156
0.234049 5071.107350
0.235619 5041.846485
0.237190 5012.992241
0.238761 4984.529331
0.240332 4956.423693
0.241903 4928.641262
0.243473 4901.165499
0.245044 4873.938312
0.246615 4846.973979
0.248186 4820.271298
0.249757 4793.829064
0.251327 4767.662661
0.252898 4741.737554
0.254469 4716.069288
0.256040 4690.656661
0.257611 4665.498471
0.259181 4640.609287
0.260752 4615.956203
0.262323 4591.553948
0.263894 4567.401320
0.265465 4543.497116
0.267035 4519.855115
0.268606 4496.443997
0.270177 4473.277697
0.271748 4450.355011
0.273319 4427.674739
0.274889 4405.249883
0.276460 4383.050675
0.278031 4361.090273
0.279602 4339.367474
0.281173 4317.881075
0.282743 4296.643327
0.284314 4275.625974
0.285885 4254.841414
0.287456 4234.288445
0.289027 4213.965864
0.290597 4193.885188
0.292168 4174.019632
0.293739 4154.380858
0.295310 4134.967662
0.296881 4115.778844
0.298451 4096.825201
0.300022 4078.081386
0.301593 4059.558342
0.303164 4041.254864
0.304734 4023.181194
0.306305 4005.313105
0.307876 3987.660976
0.309447 3970.223604
0.311018 3952.999788
0.312588 3935.999085
0.314159 3919.198637
0.315730 3902.608138
0.317301 3886.226383
0.318872 3870.052172
0.320442 3854.094400
0.322013 3838.331537
0.323584 3822.772610
0.325155 3807.416416
0.326726 3792.261754
0.328296 3777.316875
0.329867 3762.561540
0.331438 3748.004130
0.333009 3733.643441
0.334580 3719.478271
0.336150 3705.516248
0.337721 3691.738386
0.339292 3678.152436
0.340863 3664.757195
0.342434 3651.551461
0.344004 3638.542258
0.345575 3625.711812
0.347146 3613.067266
0.348717 3600.607417
0.350288 3588.331063
0.351858 3576.244642
0.353429 3564.331555
0.355000 3552.598357
0.356571 3541.043844
0.358142 3529.666814
0.359712 3518.473138
0.361283 3507.447355
0.362854 3496.595314
0.364425 3485.914975
0.365996 3475.404066
0.367566 3465.066849
0.369137 3454.887885
0.370708 3444.871540
0.372279 3435.015543
0.373850 3425.317622
0.375420 3415.781532
0.376991 3406.392854
0.378562 3397.155441
0.380133 3388.067022
0.381704 3379.125325
0.383274 3370.333634
0.384845 3361.678479
0.386416 3353.163235
0.387987 3344.785630
0.389557 3336.548597
0.391128 3328.439374
0.392699 3320.460979
0.394270 3312.611140
0.395841 3304.887586
0.397411 3297.292845
0.398982 3289.814971
0.400553 3282.456572
0.402124 3275.215374
0.403695 3268.089108
0.405265 3261.079930
0.406836 3254.176643
0.408407 3247.381476
0.409978 3240.692156
0.411549 3234.106414
0.413119 3227.626073
0.414690 3221.240609
0.416261 3214.951910
0.417832 3208.757704
0.419403 3202.655722
0.420973 3196.647490
0.422544 3190.723085
0.424115 3184.884091
0.425686 3179.128237
0.427257 3173.453251
0.428827 3167.860401
0.430398 3162.340292
0.431969 3156.894239
0.433540 3151.519972
0.435111 3146.215220
0.436681 3140.981024
0.438252 3135.808447
0.439823 3130.698572
0.441394 3125.649129
0.442965 3120.657846
0.444535 3115.725576
0.446106 3110.843768
0.447677 3106.013307
0.449248 3101.231924
0.450819 3096.497347
0.452389 3091.810277
0.453960 3087.162473
0.455531 3082.554664
0.457102 3077.984577
0.458673 3073.449943
0.460243 3068.951345
0.461814 3064.480782
0.463385 3060.038860
0.464956 3055.623306
0.466527 3051.231851
0.468097 3046.864997
0.469668 3042.514912
0.471239 3038.182114
0.472810 3033.864330
0.474380 3029.562026
0.475951 3025.267453
0.477522 3020.981082
0.479093 3016.700643
0.480664 3012.423942
0.482234 3008.152940
0.483805 3003.882713
0.485376 2999.616544
0.486947 2995.354995
0.488518 2991.098627
0.490088 2986.850706
0.491659 2982.606380
0.493230 2978.368921
0.494801 2974.138888
0.496372 2969.916843
0.497942 2965.706028
0.499513 2961.501639
0.501084 2957.306923
0.502655 2953.122440
0.504226 2948.948754
0.505796 2944.789070
0.507367 2940.638652
0.508938 2936.500713
0.510509 2932.375816
0.512080 2928.264521
0.513650 2924.169995
0.515221 2920.087581
0.516792 2916.020455
0.518363 2911.969177
0.519934 2907.934309
0.521504 2903.918965
0.523075 2899.918590
0.524646 2895.936310
0.526217 2891.972686
0.527788 2888.028279
0.529358 2884.106143
0.530929 2880.201842
0.532500 2876.318443
0.534071 2872.456507
0.535642 2868.616596
0.537212 2864.801693
0.538783 2861.007500
0.540354 2857.237016
0.541925 2853.490803
0.543496 2849.769421
0.545066 2846.075777
0.546637 2842.405727
0.548208 2838.762192
0.549779 2835.145735
0.551350 2831.556918
0.552920 2827.998558
0.554491 2824.466684
0.556062 2820.964134
0.557633 2817.491469
0.559203 2814.051431
0.560774 2810.640199
0.562345 2807.260537
0.563916 2803.913005
0.565487 2800.598165
0.567057 2797.318656
0.568628 2794.070863
0.570199 2790.857446
0.571770 2787.678967
0.573341 2784.535987
0.574911 2781.431034
0.576482 2778.360713
0.578053 2775.327576
0.579624 2772.332184
0.581195 2769.375099
0.582765 2766.458726
0.584336 2763.579912
0.585907 2760.741090
0.587478 2757.942819
0.589049 2755.185662
0.590619 2752.471895
0.592190 2749.798623
0.593761 2747.168149
0.595332 2744.581034
0.596903 2742.037840
0.598473 2739.540704
0.600044 2737.086664
0.601615 2734.676750
0.603186 2732.310271
0.604757 2729.986537
0.606327 2727.706295
0.607898 2725.465951
0.609469 2723.266281
0.611040 2721.106593
0.612611 2718.986197
0.614181 2716.905716
0.615752 2714.861808
0.617323 2712.855122
0.618894 2710.884965
0.620465 2708.950648
0.622035 2707.052679
0.623606 2705.187948
0.625177 2703.356985
0.626748 2701.559100
0.628319 2699.793603
0.629889 2698.060896
0.631460 2696.358082
0.633031 2694.685584
0.634602 2693.042711
0.636173 2691.428773
0.637743 2689.844080
0.639314 2688.285923
0.640885 2686.754630
0.642456 2685.249509
0.644026 2683.770805
0.645597 2682.315944
0.647168 2680.885184
0.648739 2679.477836
0.650310 2678.093208
0.651880 2676.731471
0.653451 2675.390199
0.655022 2674.069577
0.656593 2672.768914
0.658164 2671.487519
0.659734 2670.225500
0.661305 2668.980559
0.662876 2667.752815
0.664447 2666.541578
0.666018 2665.346156
0.667588 2664.166607
0.669159 2663.000736
0.670730 2661.848610
0.672301 2660.709539
0.673872 2659.582831
0.675442 2658.468502
0.677013 2657.364442
0.678584 2656.270675
0.680155 2655.186510
0.681726 2654.111255
0.683296 2653.044899
0.684867 2651.985390
0.686438 2650.932722
0.688009 2649.886203
0.689580 2648.845143
0.691150 2647.809509
0.692721 2646.777293
0.694292 2645.748464
0.695863 2644.722331
0.697434 2643.698206
0.699004 2642.676047
0.700575 2641.653862
0.702146 2640.631612
0.703717 2639.608607
0.705288 2638.584156
0.706858 2637.558223
0.708429 2636.528810
0.710000 2635.495880
0.711571 2634.458743
0.713142 2633.416707
0.714712 2632.369750
0.716283 2631.315850
0.717854 2630.255077
0.719425 2629.187506
0.720996 2628.113500
0.722566 2627.034111
0.724137 2625.948326
0.725708 2624.857195
0.727279 2623.761079
0.728849 2622.661044
0.730420 2621.556051
0.731991 2620.447163
0.733562 2619.334741
0.735133 2618.219150
0.736703 2617.101464
0.738274 2615.980622
0.739845 2614.857698
0.741416 2613.733056
0.742987 2612.607057
0.744557 2611.480783
0.746128 2610.353162
0.747699 2609.225272
0.749270 2608.097478
0.750841 2606.970141
0.752411 2605.844342
0.753982 2604.719010
0.755553 2603.595223
0.757124 2602.473346
0.758695 2601.353741
0.760265 2600.237480
0.761836 2599.123506
0.763407 2598.012891
0.764978 2596.906000
0.766549 2595.803195
0.768119 2594.705536
0.769690 2593.611989
0.771261 2592.523616
0.772832 2591.440779
0.774403 2590.363844
0.775973 2589.293850
0.777544 2588.229798
0.779115 2587.172735
0.780686 2586.123023
0.782257 2585.081026
0.783827 2584.047760
0.785398 2583.022274
0.786969 2582.005590
0.788540 2580.998071
0.790111 2580.000080
0.791681 2579.012607
0.793252 2578.034754
0.794823 2577.067518
0.796394 2576.111262
0.797965 2575.166347
0.799535 2574.233728
0.801106 2573.312579
0.802677 2572.403860
0.804248 2571.507935
0.805819 2570.625166
0.807389 2569.756465
0.808960 2568.901088
0.810531 2568.059955
0.812102 2567.233430
0.813672 2566.422387
0.815243 2565.626155
0.816814 2564.845619
0.818385 2564.081142
0.819956 2563.333086
0.821526 2562.602274
0.823097 2561.888139
0.824668 2561.191513
0.826239 2560.512760
0.827810 2559.852242
0.829380 2559.210726
0.830951 2558.587755
0.832522 2557.984109
0.834093 2557.400149
0.835664 2556.836227
0.837234 2556.292693
0.838805 2555.768482
0.840376 2555.263555
0.841947 2554.777519
0.843518 2554.309980
0.845088 2553.860827
0.846659 2553.429095
0.848230 2553.014683
0.849801 2552.617198
0.851372 2552.236248
0.852942 2551.871666
0.854513 2551.522597
0.856084 2551.188883
0.857655 2550.870134
0.859226 2550.565955
0.860796 2550.276135
0.862367 2549.999912
0.863938 2549.737081
0.865509 2549.487251
0.867080 2549.250028
0.868650 2549.025160
0.870221 2548.811967
0.871792 2548.610203
0.873363 2548.419476
0.874934 2548.239393
0.876504 2548.069666
0.878075 2547.909687
0.879646 2547.759174
0.881217 2547.617734
0.882788 2547.484974
0.884358 2547.360580
0.885929 2547.243998
0.887500 2547.134920
0.889071 2547.032951
0.890642 2546.937699
0.892212 2546.848826
0.893783 2546.765827
0.895354 2546.688366
0.896925 2546.616052
0.898495 2546.548534
0.900066 2546.485332
0.901637 2546.426098
0.903208 2546.370440
0.904779 2546.317965
0.906349 2546.268310
0.907920 2546.221021
0.909491 2546.175737
0.911062 2546.132066
0.912633 2546.089613
0.914203 2546.048014
0.915774 2546.006822
0.917345 2545.965671
0.918916 2545.924169
0.920487 2545.881924
0.922057 2545.838569
0.923628 2545.793658
0.925199 2545.746825
0.926770 2545.697677
0.928341 2545.645822
0.929911 2545.590902
0.931482 2545.532456
0.933053 2545.470124
0.934624 2545.403515
0.936195 2545.332234
0.937765 2545.255939
0.939336 2545.174142
0.940907 2545.086495
0.942478 2544.992607
0.944049 2544.892085
0.945619 2544.784606
0.947190 2544.669641
0.948761 2544.546864
0.950332 2544.415881
0.951903 2544.276301
0.953473 2544.127828
0.955044 2543.970020
0.956615 2543.803148
0.958186 2543.627469
0.959757 2543.443242
0.961327 2543.250853
0.962898 2543.050313
0.964469 2542.842002
0.966040 2542.626179
0.967611 2542.403102
0.969181 2542.173180
0.970752 2541.936377
0.972323 2541.693097
0.973894 2541.443599
0.975465 2541.188141
0.977035 2540.927150
0.978606 2540.660554
0.980177 2540.388773
0.981748 2540.112069
0.983319 2539.830699
0.984889 2539.545106
0.986460 2539.255184
0.988031 2538.961373
0.989602 2538.663932
0.991172 2538.363312
0.992743 2538.059388
0.994314 2537.752611
0.995885 2537.443238
0.997456 2537.131529
0.999026 2536.817942
1.000597 2536.502338
1.002168 2536.185174
1.003739 2535.866709
1.005310 2535.547201
1.006880 2535.227114
1.008451 2534.906298
1.010022 2534.585216
1.011593 2534.264127
1.013164 2533.943290
1.014734 2533.623167
1.016305 2533.303609
1.017876 2532.985078
1.019447 2532.667835
1.021018 2532.352137
1.022588 2532.038443
1.024159 2531.726612
1.025730 2531.417102
1.027301 2531.110174
1.028872 2530.806085
1.030442 2530.505284
1.032013 2530.207649
1.033584 2529.913629
1.035155 2529.623484
1.036726 2529.337473
1.038296 2529.056032
1.039867 2528.779062
1.041438 2528.507001
1.043009 2528.240109
1.044580 2527.978645
1.046150 2527.723028
1.047721 2527.473191
1.049292 2527.229559
1.050863 2526.992389
1.052434 2526.761941
1.054004 2526.538613
1.055575 2526.322379
1.057146 2526.113644
1.058717 2525.912665
1.060288 2525.719702
1.061858 2525.535129
1.063429 2525.358968
1.065000 2525.191599
1.066571 2525.033280
1.068142 2524.884272
1.069712 2524.744917
1.071283 2524.615297
1.072854 2524.495733
1.074425 2524.386168
1.075995 2524.286448
1.077566 2524.196233
1.079137 2524.115373
1.080708 2524.043654
1.082279 2523.980861
1.083849 2523.926811
1.085420 2523.881220
1.086991 2523.843912
1.088562 2523.814670
1.090133 2523.793280
1.091703 2523.779533
1.093274 2523.773198
1.094845 2523.774071
1.096416 2523.781936
1.097987 2523.796579
1.099557 2523.817770
1.101128 2523.845321
1.102699 2523.879005
1.104270 2523.918608
1.105841 2523.963915
1.107411 2524.014677
1.108982 2524.070744
1.110553 2524.131870
1.112124 2524.197841
1.113695 2524.268442
1.115265 2524.343409
1.116836 2524.422622
1.118407 2524.505821
1.119978 2524.592791
1.121549 2524.683316
1.123119 2524.777122
1.124690 2524.874112
1.126261 2524.974014
1.127832 2525.076612
1.129403 2525.181692
1.130973 2525.288970
1.132544 2525.398367
1.134115 2525.509602
1.135686 2525.622460
1.137257 2525.736725
1.138827 2525.852109
1.140398 2525.968544
1.141969 2526.085743
1.143540 2526.203490
1.145111 2526.321571
1.146681 2526.439695
1.148252 2526.557798
1.149823 2526.675591
1.151394 2526.792857
1.152965 2526.909384
1.154535 2527.024882
1.156106 2527.139283
1.157677 2527.252300
1.159248 2527.363717
1.160818 2527.473251
1.162389 2527.580826
1.163960 2527.686156
1.165531 2527.789028
1.167102 2527.889225
1.168672 2527.986474
1.170243 2528.080681
1.171814 2528.171571
1.173385 2528.258928
1.174956 2528.342536
1.176526 2528.422133
1.178097 2528.497604
1.179668 2528.568683
1.181239 2528.635156
1.182810 2528.696806
1.184380 2528.753385
1.185951 2528.804750
1.187522 2528.850649
1.189093 2528.890867
1.190664 2528.925193
1.192234 2528.953596
1.193805 2528.976377
1.195376 2528.993805
1.196947 2529.006165
1.198518 2529.013745
1.200088 2529.016831
1.201659 2529.015715
1.203230 2529.010678
1.204801 2529.002010
1.206372 2528.989996
1.207942 2528.974934
1.209513 2528.957093
1.211084 2528.936766
1.212655 2528.914243
1.214226 2528.889809
1.215796 2528.863768
1.217367 2528.836375
1.218938 2528.807933
1.220509 2528.778727
1.222080 2528.749047
1.223650 2528.719196
1.225221 2528.689426
1.226792 2528.660040
1.228363 2528.631327
1.229934 2528.603573
1.231504 2528.577082
1.233075 2528.552107
1.234646 2528.528952
1.236217 2528.507904
1.237788 2528.489251
1.239358 2528.473288
1.240929 2528.460283
1.242500 2528.450532
1.244071 2528.444324
1.245641 2528.441945
1.247212 2528.443679
1.248783 2528.449816
1.250354 2528.460643
1.251925 2528.476448
1.253495 2528.497501
1.255066 2528.524117
1.256637 2528.556571
1.258208 2528.595150
1.259779 2528.640140
1.261349 2528.691795
1.262920 2528.750466
1.264491 2528.816410
1.266062 2528.889914
1.267633 2528.971264
1.269203 2529.060689
1.270774 2529.158589
1.272345 2529.265197
1.273916 2529.380799
1.275487 2529.505683
1.277057 2529.640047
1.278628 2529.784350
1.280199 2529.938795
1.281770 2530.103669
1.283341 2530.279260
1.284911 2530.465733
1.286482 2530.663611
1.288053 2530.873067
1.289624 2531.094387
1.291195 2531.327859
1.292765 2531.573609
1.294336 2531.832237
1.295907 2532.103877
1.297478 2532.388817
1.299049 2532.687343
1.300619 2532.999539
1.302190 2533.326090
1.303761 2533.667089
1.305332 2534.022821
1.306903 2534.393575
1.308473 2534.779387
