0.004712 49651.176870
0.007854 47684.853323
0.010996 45784.563682
0.014137 43949.593464
0.017279 42177.486096
0.020420 40468.081964
0.023562 38819.004447
0.026704 37229.519078
0.029845 35698.815530
0.032987 34224.630968
0.036128 32806.616139
0.039270 31442.579961
0.042412 30131.694173
0.045553 28873.062853
0.048695 27664.596406
0.051836 26505.776437
0.054978 25394.576908
0.058119 24330.417510
0.061261 23311.332476
0.064403 22336.379451
0.067544 21404.559903
0.070686 20513.992330
0.073827 19663.955985
0.076969 18852.621441
0.080111 18078.977148
0.083252 17341.963578
0.086394 16639.823270
0.089535 15971.715536
0.092677 15335.926791
0.095819 14731.386539
0.098960 14156.984505
0.102102 13611.066771
0.105243 13092.693207
0.108385 12600.245569
0.111527 12132.604666
0.114668 11688.619727
0.117810 11266.719876
0.120951 10865.886040
0.124093 10484.595249
0.127235 10122.093184
0.130376 9777.941367
0.133518 9451.387422
0.136659 9142.106196
0.139801 8849.367518
0.142942 8572.824709
0.146084 8311.768444
0.149226 8065.755917
0.152367 7834.325173
0.155509 7616.795609
0.158650 7412.772676
0.161792 7221.593223
0.164934 7042.790932
0.168075 6875.883730
0.171217 6720.232099
0.174358 6575.402103
0.177500 6440.768279
0.180642 6315.845042
0.183783 6200.134444
0.186925 6093.029564
0.190066 5994.065565
0.193208 5902.646189
0.196350 5818.270824
0.199491 5740.429890
0.202633 5668.540579
0.205774 5602.115638
0.208916 5540.579529
0.212058 5483.420854
0.215199 5430.122644
0.218341 5380.117721
0.221482 5332.904898
0.224624 5287.920873
0.227765 5244.661263
0.230907 5202.565282
0.234049 5161.113564
0.237190 5119.785922
0.240332 5078.022874
0.243473 5035.447848
0.246615 4992.026569
0.249757 4947.840599
0.252898 4902.972471
0.256040 4857.461745
0.259181 4811.405489
0.262323 4764.842507
0.265465 4717.855521
0.268606 4670.527795
0.271748 4622.897323
0.274889 4575.062522
0.278031 4527.061061
0.281173 4478.976287
0.284314 4430.891647
0.287456 4382.844655
0.290597 4334.933992
0.293739 4287.197280
0.296881 4239.717942
0.300022 4192.579073
0.303164 4145.818786
0.306305 4099.534945
0.309447 4053.766208
0.312588 4008.609808
0.315730 3964.105119
0.318872 3920.334764
0.322013 3877.380429
0.325155 3835.282893
0.328296 3794.137050
0.331438 3753.984831
0.334580 3714.907634
0.337721 3676.985490
0.340863 3640.262380
0.344004 3604.829779
0.347146 3570.733256
0.350288 3538.052443
0.353429 3506.865173
0.356571 3477.219716
0.359712 3449.197702
0.362854 3422.774611
0.365996 3397.904363
0.369137 3374.537903
0.372279 3352.604106
0.375420 3332.060713
0.378562 3312.838397
0.381704 3294.887654
0.384845 3278.157363
0.387987 3262.580625
0.391128 3248.111133
0.394270 3234.683428
0.397411 3222.249835
0.400553 3210.746191
0.403695 3200.120348
0.406836 3190.319042
0.409978 3181.279786
0.413119 3172.952110
0.416261 3165.274468
0.419403 3158.193358
0.422544 3151.654523
0.425686 3145.597552
0.428827 3139.970079
0.431969 3134.712275
0.435111 3129.769736
0.438252 3125.087656
0.441394 3120.606809
0.444535 3116.273823
0.447677 3112.029695
0.450819 3107.819563
0.453960 3103.588524
0.457102 3099.277636
0.460243 3094.833423
0.463385 3090.196808
0.466527 3085.312921
0.469668 3080.127207
0.472810 3074.580117
0.475951 3068.619041
0.479093 3062.205778
0.482234 3055.361094
0.485376 3048.104646
0.488518 3040.462568
0.491659 3032.461486
0.494801 3024.120321
0.497942 3015.468389
0.501084 3006.524196
0.504226 2997.314470
0.507367 2987.866280
0.510509 2978.197624
0.513650 2968.338663
0.516792 2958.307135
0.519934 2948.130173
0.523075 2937.835093
0.526217 2927.439357
0.529358 2916.973587
0.532500 2906.455136
0.535642 2895.911348
0.538783 2885.369599
0.541925 2874.847193
0.545066 2864.374834
0.548208 2853.969870
0.551350 2843.659666
0.554491 2833.471468
0.557633 2823.422803
0.560774 2813.544075
0.563916 2803.853009
0.567057 2794.379780
0.570199 2785.142373
0.573341 2776.167860
0.576482 2767.482982
0.579624 2759.106225
0.582765 2751.066927
0.585907 2743.383985
0.589049 2736.084035
0.592190 2729.193227
0.595332 2722.728619
0.598473 2716.691624
0.601615 2711.062464
0.604757 2705.827053
0.607898 2700.970806
0.611040 2696.474559
0.614181 2692.325113
0.617323 2688.503754
0.620465 2684.995785
0.623606 2681.786108
0.626748 2678.856608
0.629889 2676.193087
0.633031 2673.777781
0.636173 2671.595503
0.639314 2669.630773
0.642456 2667.866269
0.645597 2666.287052
0.648739 2664.876047
0.651880 2663.618088
0.655022 2662.496305
0.658164 2661.495047
0.661305 2660.598511
0.664447 2659.790057
0.667588 2659.054135
0.670730 2658.374208
0.673872 2657.734445
0.677013 2657.118968
0.680155 2656.511314
0.683296 2655.895807
0.686438 2655.255985
0.689580 2654.575968
0.692721 2653.839927
0.695863 2653.031323
0.699004 2652.134608
0.702146 2651.133142
0.705288 2650.011119
0.708429 2648.752892
0.711571 2647.341671
0.714712 2645.770504
0.717854 2644.045375
0.720996 2642.175329
0.724137 2640.169591
0.727279 2638.035451
0.730420 2635.782828
0.733562 2633.418855
0.736703 2630.953598
0.739845 2628.394052
0.742987 2625.749555
0.746128 2623.029552
0.749270 2620.240877
0.752411 2617.393866
0.755553 2614.495272
0.758695 2611.554562
0.761836 2608.581253
0.764978 2605.582018
0.768119 2602.567328
0.771261 2599.543829
0.774403 2596.521047
0.777544 2593.508506
0.780686 2590.512854
0.783827 2587.544560
0.786969 2584.610299
0.790111 2581.719588
0.793252 2578.881890
0.796394 2576.103964
0.799535 2573.396140
0.802677 2570.765259
0.805819 2568.220762
0.808960 2565.771982
0.812102 2563.425924
0.815243 2561.192644
0.818385 2559.079285
0.821526 2557.095756
0.824668 2555.249357
0.827810 2553.549310
0.830951 2552.003298
0.834093 2550.608122
0.837234 2549.358443
0.840376 2548.247222
0.843518 2547.268632
0.846659 2546.416681
0.849801 2545.684580
0.852942 2545.066556
0.856084 2544.555968
0.859226 2544.146788
0.862367 2543.832853
0.865509 2543.607719
0.868650 2543.465290
0.871792 2543.399229
0.874934 2543.403348
0.878075 2543.471371
0.881217 2543.597097
0.884358 2543.774204
0.887500 2543.996560
0.890642 2544.257872
0.893783 2544.551794
0.896925 2544.872271
0.900066 2545.212856
0.903208 2545.567521
0.906349 2545.929801
0.909491 2546.293680
0.912633 2546.652799
0.915774 2547.000803
0.918916 2547.331670
0.922057 2547.638947
0.925199 2547.916586
0.928341 2548.158238
0.931482 2548.357603
0.934624 2548.508562
0.937765 2548.604779
0.940907 2548.640069
0.944049 2548.608147
0.947190 2548.502894
0.950332 2548.322001
0.953473 2548.068945
0.956615 2547.747362
0.959757 2547.361119
0.962898 2546.914166
0.966040 2546.410013
0.969181 2545.852776
0.972323 2545.245898
0.975465 2544.593344
0.978606 2543.899140
0.981748 2543.166640
0.984889 2542.400104
0.988031 2541.602842
0.991172 2540.779156
0.994314 2539.932317
0.997456 2539.066381
1.000597 2538.185428
1.003739 2537.292694
1.006880 2536.392541
1.010022 2535.488193
1.013164 2534.583734
1.016305 2533.683245
1.019447 2532.789950
1.022588 2531.908214
1.025730 2531.041269
1.028872 2530.193197
1.032013 2529.368054
1.035155 2528.569111
1.038296 2527.800671
1.041438 2527.066042
1.044580 2526.369270
1.047721 2525.714354
1.050863 2525.104674
1.054004 2524.544413
1.057146 2524.037011
1.060288 2523.586450
1.063429 2523.196643
1.066571 2522.870306
1.069712 2522.606228
1.072854 2522.401390
1.075995 2522.253067
1.079137 2522.158312
1.082279 2522.114326
1.085420 2522.118245
1.088562 2522.167217
1.091703 2522.258359
1.094845 2522.388874
1.097987 2522.555885
1.101128 2522.756469
1.104270 2522.987898
1.107411 2523.247172
1.110553 2523.531603
1.113695 2523.838257
1.116836 2524.164172
1.119978 2524.506703
1.123119 2524.862778
1.126261 2525.229769
1.129403 2525.604711
1.132544 2525.984627
1.135686 2526.366905
1.138827 2526.748448
1.141969 2527.126646
1.145111 2527.498521
1.148252 2527.861106
1.151394 2528.211776
1.154535 2528.547456
1.157677 2528.865506
1.160818 2529.162869
1.163960 2529.436881
1.167102 2529.684589
1.170243 2529.903074
1.173385 2530.089620
1.176526 2530.241255
1.179668 2530.355224
1.182810 2530.428714
1.185951 2530.461828
1.189093 2530.457913
1.192234 2530.420467
1.195376 2530.352964
1.198518 2530.258910
1.201659 2530.141844
1.204801 2530.005190
1.207942 2529.852530
1.211084 2529.687266
1.214226 2529.512942
1.217367 2529.333114
1.220509 2529.151167
1.223650 2528.970712
1.226792 2528.795132
1.229934 2528.627985
1.233075 2528.472814
1.236217 2528.333021
1.239358 2528.212190
1.242500 2528.113741
1.245641 2528.041235
1.248783 2527.998122
1.251925 2527.987928
1.255066 2528.014139
1.258208 2528.080268
1.261349 2528.189770
1.264491 2528.346213
1.267633 2528.553066
1.270774 2528.813737
1.273916 2529.131891
1.277057 2529.510820
1.280199 2529.954264
1.283341 2530.465610
1.286482 2531.048161
1.289624 2531.705785
1.292765 2532.441560
1.295907 2533.259451
1.299049 2534.162738
