0.003142 51473.836887
0.006283 49149.136814
0.009425 46915.813847
0.012566 44773.207791
0.015708 42717.871689
0.018850 40748.418676
0.021991 38863.352560
0.025133 37059.390371
0.028274 35335.598607
0.031416 33688.796989
0.034558 32117.463656
0.037699 30619.980679
0.040841 29193.311877
0.043982 27836.283588
0.047124 26545.949065
0.050265 25321.047864
0.053407 24158.717367
0.056549 23057.274563
0.059690 22014.958931
0.062832 21029.024113
0.065973 20098.015904
0.069115 19219.258820
0.072257 18390.974624
0.075398 17611.320831
0.078540 16877.718329
0.081681 16188.552294
0.084823 15541.301233
0.087965 14934.108257
0.091106 14365.065484
0.094248 13831.727908
0.097389 13332.353229
0.100531 12864.540802
0.103673 12426.371656
0.106814 12015.889085
0.109956 11630.749047
0.113097 11269.114906
0.116239 10928.673723
0.119381 10607.461017
0.122522 10303.487832
0.125664 10014.477941
0.128805 9738.533520
0.131947 9473.514315
0.135088 9218.735142
0.138230 8973.788117
0.141372 8738.516483
0.144513 8512.751167
0.147655 8296.109004
0.150796 8088.488585
0.153938 7889.518299
0.157080 7699.026185
0.160221 7516.829488
0.163363 7342.572785
0.166504 7176.127689
0.169646 7017.148805
0.172788 6865.450873
0.175929 6720.839364
0.179071 6582.982785
0.182212 6451.729580
0.185354 6326.756762
0.188496 6207.867676
0.191637 6094.857922
0.194779 5987.416131
0.197920 5885.371384
0.201062 5788.419296
0.204204 5696.353719
0.207345 5608.962289
0.210487 5525.949949
0.213628 5447.130231
0.216770 5372.213534
0.219911 5301.008239
0.223053 5233.229593
0.226195 5168.661368
0.229336 5107.083245
0.232478 5048.216605
0.235619 4991.859609
0.238761 4937.736961
0.241903 4885.627514
0.245044 4835.307556
0.248186 4786.505635
0.251327 4739.013507
0.254469 4692.561521
0.257611 4646.929237
0.260752 4602.002221
0.263894 4557.743855
0.267035 4514.180741
0.270177 4471.283567
0.273319 4429.064739
0.276460 4387.535795
0.279602 4346.668722
0.282743 4306.487960
0.285885 4266.966352
0.289027 4228.115224
0.292168 4189.945050
0.295310 4152.429951
0.298451 4115.592237
0.301593 4079.406877
0.304734 4043.895334
0.307876 4009.033423
0.311018 3974.830982
0.314159 3941.297010
0.317301 3908.408582
0.320442 3876.185060
0.323584 3844.604354
0.326726 3813.675254
0.329867 3783.405720
0.333009 3753.774906
0.336150 3724.800100
0.339292 3696.461282
0.342434 3668.766205
0.345575 3641.721804
0.348717 3615.309287
0.351858 3589.543894
0.355000 3564.407646
0.358142 3539.907275
0.361283 3516.048702
0.364425 3492.815165
0.367566 3470.219879
0.370708 3448.246884
0.373850 3426.901902
0.376991 3406.189853
0.380133 3386.095978
0.383274 3366.631480
0.386416 3347.778653
0.389557 3329.535434
0.392699 3311.874883
0.395841 3294.787575
0.398982 3278.263354
0.402124 3262.276376
0.405265 3246.821498
0.408407 3231.873556
0.411549 3217.422225
0.414690 3203.456548
0.417832 3189.952307
0.420973 3176.902782
0.424115 3164.284338
0.427257 3152.085873
0.430398 3140.295750
0.433540 3128.891136
0.436681 3117.863973
0.439823 3107.191917
0.442965 3096.863207
0.446106 3086.865648
0.449248 3077.177550
0.452389 3067.789762
0.455531 3058.680981
0.458673 3049.838916
0.461814 3041.250932
0.464956 3032.896239
0.468097 3024.764835
0.471239 3016.836219
0.474380 3009.100121
0.477522 3001.536290
0.480664 2994.131890
0.483805 2986.873882
0.486947 2979.742320
0.490088 2972.726427
0.493230 2965.806410
0.496372 2958.969192
0.499513 2952.201591
0.502655 2945.483972
0.505796 2938.805294
0.508938 2932.145981
0.512080 2925.495070
0.515221 2918.853347
0.518363 2912.219109
0.521504 2905.599109
0.524646 2898.991658
0.527788 2892.401397
0.530929 2885.832943
0.534071 2879.284644
0.537212 2872.763194
0.540354 2866.266971
0.543496 2859.800585
0.546637 2853.368608
0.549779 2846.969473
0.552920 2840.609782
0.556062 2834.288015
0.559203 2828.010722
0.562345 2821.776438
0.565487 2815.589695
0.568628 2809.454970
0.571770 2803.370885
0.574911 2797.343841
0.578053 2791.372528
0.581195 2785.461406
0.584336 2779.614854
0.587478 2773.831679
0.590619 2768.118090
0.593761 2762.472977
0.596903 2756.900702
0.600044 2751.405530
0.603186 2745.986492
0.606327 2740.649566
0.609469 2735.393881
0.612611 2730.223680
0.615752 2725.143096
0.618894 2720.151423
0.622035 2715.254365
0.625177 2710.451336
0.628319 2705.746436
0.631460 2701.143647
0.634602 2696.642566
0.637743 2692.248428
0.640885 2687.958763
0.644026 2683.775194
0.647168 2679.693925
0.650310 2675.715168
0.653451 2671.839006
0.656593 2668.061837
0.659734 2664.384931
0.662876 2660.804812
0.666018 2657.321531
0.669159 2653.935016
0.672301 2650.641977
0.675442 2647.443375
0.678584 2644.336038
0.681726 2641.319866
0.684867 2638.394640
0.688009 2635.557363
0.691150 2632.808707
0.694292 2630.145786
0.697434 2627.568356
0.700575 2625.076060
0.703717 2622.666178
0.706858 2620.339109
0.710000 2618.092237
0.713142 2615.925181
0.716283 2613.837458
0.719425 2611.826604
0.722566 2609.892764
0.725708 2608.033573
0.728849 2606.249081
0.731991 2604.537015
0.735133 2602.896821
0.738274 2601.327853
0.741416 2599.827976
0.744557 2598.397011
0.747699 2597.032913
0.750841 2595.735013
0.753982 2594.502557
0.757124 2593.333627
0.760265 2592.227832
0.763407 2591.183314
0.766549 2590.198276
0.769690 2589.269415
0.772832 2588.392442
0.775973 2587.564216
0.779115 2586.780511
0.782257 2586.037897
0.785398 2585.332893
0.788540 2584.661350
0.791681 2584.019999
0.794823 2583.404731
0.797965 2582.812055
0.801106 2582.238450
0.804248 2581.679852
0.807389 2581.132919
0.810531 2580.593602
0.813672 2580.058548
0.816814 2579.523715
0.819956 2578.985576
0.823097 2578.440604
0.826239 2577.884752
0.829380 2577.314678
0.832522 2576.726318
0.835664 2576.116151
0.838805 2575.480683
0.841947 2574.815811
0.845088 2574.118259
0.848230 2573.383885
0.851372 2572.609204
0.854513 2571.790784
0.857655 2570.924405
0.860796 2570.006920
0.863938 2569.034046
0.867080 2568.002365
0.870221 2566.908536
0.873363 2565.748164
0.876504 2564.518289
0.879646 2563.214428
0.882788 2561.833261
0.885929 2560.371568
0.889071 2558.824718
0.892212 2557.192543
0.895354 2555.480615
0.898495 2553.698105
0.901637 2551.851966
0.904779 2549.950842
0.907920 2548.003449
0.911062 2546.016632
0.914203 2543.999739
0.917345 2541.959572
0.920487 2539.904858
0.923628 2537.844340
0.926770 2535.784794
0.929911 2533.735612
0.933053 2531.703577
0.936195 2529.697430
0.939336 2527.725883
0.942478 2525.795766
0.945619 2523.916390
0.948761 2522.094645
0.951903 2520.339226
0.955044 2518.658744
0.958186 2517.060215
0.961327 2515.552739
0.964469 2514.143443
0.967611 2512.840910
0.970752 2511.653588
0.973894 2510.588806
0.977035 2509.655326
0.980177 2508.860638
0.983319 2508.213151
0.986460 2507.721083
0.989602 2507.392207
0.992743 2507.234816
0.995885 2507.256896
0.999026 2507.466516
1.002168 2507.871894
1.005310 2508.481084
1.008451 2509.301877
1.011593 2510.342883
1.014734 2511.611522
1.017876 2513.114260
1.021018 2514.839451
1.024159 2516.767957
1.027301 2518.882490
1.030442 2521.163196
1.033584 2523.593011
1.036726 2526.152715
1.039867 2528.822919
1.043009 2531.586809
1.046150 2534.424118
1.049292 2537.318135
1.052434 2540.249449
1.055575 2543.198598
1.058717 2546.148944
1.061858 2549.080101
1.065000 2551.975419
1.068142 2554.815442
1.071283 2557.580781
1.074425 2560.254681
1.077566 2562.816932
1.080708 2565.250650
1.083849 2567.535778
1.086991 2569.655255
1.090133 2571.589808
1.093274 2573.320399
1.096416 2574.829615
1.099557 2576.097988
1.102699 2577.107808
1.105841 2577.840112
1.108982 2578.276289
1.112124 2578.398102
1.115265 2578.186964
1.118407 2577.624226
1.121549 2576.691380
1.124690 2575.370389
1.127832 2573.641896
1.130973 2571.488495
1.134115 2568.890297
1.137257 2565.829399
1.140398 2562.288485
1.143540 2558.248644
1.146681 2553.730575
1.149823 2548.780440
1.152965 2543.449731
1.156106 2537.790421
1.159248 2531.849021
1.162389 2525.679403
1.165531 2519.327751
1.168672 2512.848201
1.171814 2506.286739
1.174956 2499.695535
1.178097 2493.126799
1.181239 2486.626461
1.184380 2480.248749
1.187522 2474.039716
1.190664 2468.051539
1.193805 2462.336116
1.196947 2456.939921
1.200088 2451.916478
1.203230 2447.312704
1.206372 2443.180384
1.209513 2439.570705
1.212655 2436.531482
1.215796 2434.114741
1.218938 2432.369055
1.222080 2431.345421
1.225221 2431.093918
1.228363 2431.664497
1.231504 2433.106888
1.234646 2435.472120
1.237788 2438.810003
1.240929 2443.169106
1.244071 2448.602318
1.247212 2455.156271
1.250354 2462.885252
1.253495 2471.834432
1.256637 2482.059622
1.259779 2493.608296
1.262920 2506.526243
1.266062 2520.871802
1.269203 2536.684630
1.272345 2553.896284
1.275487 2572.191002
1.278628 2591.226918
1.281770 2610.680526
1.284911 2630.203953
1.288053 2649.474003
1.291195 2668.148733
1.294336 2685.886962
1.297478 2702.364355
1.300619 2717.234935
1.303761 2730.172541
1.306903 2740.836447
1.310044 2748.888821
1.313186 2753.999161
1.316327 2755.828726
1.319469 2754.043052
1.322611 2748.305296
1.325752 2738.283648
1.328894 2723.636098
1.332035 2704.036481
1.335177 2679.136688
1.338318 2648.617080
1.341460 2612.122595
1.344602 2569.326317
1.347743 2519.909351
1.350885 2463.504602
1.354026 2399.812485
1.357168 2328.456816
1.360310 2249.120972
1.363451 2161.498490
1.366593 2065.197946
1.369734 1959.945153
1.372876 1845.337462
1.376018 1721.071215
1.379159 1586.855049
1.382301 1442.267875
1.385442 1287.066238
1.388584 1120.815687
1.391726 943.228199
1.394867 754.030183
