0.003142 51344.201379
0.006283 49048.343906
0.009425 46841.748976
0.012566 44723.804760
0.015708 42691.145413
0.018850 40742.441320
0.021991 38876.255993
0.025133 37089.383893
0.028274 35380.946021
0.031416 33747.837282
0.034558 32188.596080
0.037699 30701.666790
0.040841 29284.085359
0.043982 27934.737722
0.047124 26650.747430
0.050265 25430.915381
0.053407 24272.447595
0.056549 23173.724673
0.059690 22133.051160
0.062832 21147.747154
0.065973 20216.423428
0.069115 19336.469706
0.072257 18506.173131
0.075398 17723.757633
0.078540 16986.707752
0.081681 16293.476238
0.084823 15641.604419
0.087965 15029.302031
0.091106 14454.728438
0.094248 13915.500521
0.097389 13409.945110
0.100531 12935.723034
0.103673 12490.982671
0.106814 12073.834873
0.109956 11681.996760
0.113097 11313.701342
0.116239 10966.696847
0.119381 10639.086349
0.122522 10328.948236
0.125664 10034.067766
0.128805 9752.616231
0.131947 9482.510165
0.135088 9223.079842
0.138230 8973.900296
0.141372 8734.801922
0.144513 8505.602281
0.147655 8285.901630
0.150796 8075.586121
0.153938 7874.268034
0.157080 7681.761926
0.160221 7497.871135
0.163363 7322.224768
0.166504 7154.680935
0.169646 6994.879150
0.172788 6842.620151
0.175929 6697.695074
0.179071 6559.757835
0.182212 6428.642540
0.185354 6304.011901
0.188496 6185.654854
0.191637 6073.352353
0.194779 5966.779084
0.197920 5865.749192
0.201062 5769.944541
0.204204 5679.144291
0.207345 5593.121228
0.210487 5511.566774
0.213628 5434.279146
0.216770 5360.955328
0.219911 5291.388298
0.223053 5225.279955
0.226195 5162.399159
0.229336 5102.510658
0.232478 5045.322516
0.235619 4990.617439
0.238761 4938.106791
0.241903 4887.554495
0.245044 4838.721985
0.248186 4791.324362
0.251327 4745.138101
0.254469 4699.879990
0.257611 4655.315064
0.260752 4611.323193
0.263894 4567.872714
0.267035 4524.994589
0.270177 4482.664821
0.273319 4440.900457
0.276460 4399.717823
0.279602 4359.094002
0.282743 4319.058157
0.285885 4279.588101
0.289027 4240.699977
0.292168 4202.409190
0.295310 4164.694663
0.298451 4127.583707
0.301593 4091.055998
0.304734 4055.138091
0.307876 4019.810420
0.311018 3985.087823
0.314159 3950.984366
0.317301 3917.481640
0.320442 3884.604275
0.323584 3852.334640
0.326726 3820.686609
0.329867 3789.673261
0.333009 3759.278153
0.336150 3729.523939
0.339292 3700.394977
0.342434 3671.904147
0.345575 3644.063516
0.348717 3616.858664
0.351858 3590.310210
0.355000 3564.404556
0.358142 3539.153563
0.361283 3514.568260
0.364425 3490.636298
0.367566 3467.376215
0.370708 3444.776504
0.373850 3422.847985
0.376991 3401.600619
0.380133 3381.024183
0.383274 3361.135058
0.386416 3341.918185
0.389557 3323.370066
0.392699 3305.461241
0.395841 3288.180066
0.398982 3271.514097
0.402124 3255.435072
0.405265 3239.935585
0.408407 3224.988117
0.411549 3210.580038
0.414690 3196.698032
0.417832 3183.315612
0.420973 3170.423652
0.424115 3157.996295
0.427257 3146.020067
0.430398 3134.480921
0.433540 3123.353859
0.436681 3112.628323
0.439823 3102.279832
0.442965 3092.294211
0.446106 3082.656819
0.449248 3073.343871
0.452389 3064.343653
0.455531 3055.632783
0.458673 3047.196523
0.461814 3039.019781
0.464956 3031.079702
0.468097 3023.363698
0.471239 3015.849205
0.474380 3008.523366
0.477522 3001.363865
0.480664 2994.355410
0.483805 2987.482514
0.486947 2980.723153
0.490088 2974.063986
0.493230 2967.483125
0.496372 2960.965048
0.499513 2954.494158
0.502655 2948.048683
0.505796 2941.615085
0.508938 2935.171617
0.512080 2928.705353
0.515221 2922.217480
0.518363 2915.707605
0.521504 2909.183609
0.524646 2902.645078
0.527788 2896.097828
0.530929 2889.547685
0.534071 2882.994218
0.537212 2876.445338
0.540354 2869.900614
0.543496 2863.365873
0.546637 2856.846927
0.549779 2850.343367
0.552920 2843.863071
0.556062 2837.405651
0.559203 2830.978957
0.562345 2824.582636
0.565487 2818.222480
0.568628 2811.904235
0.571770 2805.627617
0.574911 2799.400361
0.578053 2793.222240
0.581195 2787.098985
0.584336 2781.036259
0.587478 2775.033941
0.590619 2769.099589
0.593761 2763.233166
0.596903 2757.440311
0.600044 2751.726572
0.603186 2746.092050
0.606327 2740.544072
0.609469 2735.082843
0.612611 2729.713884
0.615752 2724.442600
0.618894 2719.269374
0.622035 2714.201236
0.625177 2709.238699
0.628319 2704.387135
0.631460 2699.651773
0.634602 2695.033339
0.637743 2690.538272
0.640885 2686.164133
0.644026 2681.911969
0.647168 2677.777294
0.650310 2673.759700
0.653451 2669.858632
0.656593 2666.069826
0.659734 2662.393913
0.662876 2658.826775
0.666018 2655.367818
0.669159 2652.016314
0.672301 2648.768347
0.675442 2645.624207
0.678584 2642.580113
0.681726 2639.635300
0.684867 2636.788880
0.688009 2634.037261
0.691150 2631.380415
0.694292 2628.814871
0.697434 2626.339709
0.700575 2623.953895
0.703717 2621.654130
0.706858 2619.440100
0.710000 2617.308613
0.713142 2615.258609
0.716283 2613.288923
0.719425 2611.396519
0.722566 2609.580825
0.725708 2607.838903
0.728849 2606.170084
0.731991 2604.571526
0.735133 2603.041991
0.738274 2601.580154
0.741416 2600.183304
0.744557 2598.850552
0.747699 2597.579269
0.750841 2596.368110
0.753982 2595.215651
0.757124 2594.119381
0.760265 2593.078216
0.763407 2592.089703
0.766549 2591.151774
0.769690 2590.261419
0.772832 2589.414720
0.775973 2588.608864
0.779115 2587.839985
0.782257 2587.104993
0.785398 2586.400753
0.788540 2585.723466
0.791681 2585.070211
0.794823 2584.437220
0.797965 2583.821350
0.801106 2583.219438
0.804248 2582.627749
0.807389 2582.043308
0.810531 2581.462389
0.813672 2580.882013
0.816814 2580.298456
0.819956 2579.708551
0.823097 2579.109135
0.826239 2578.496476
0.829380 2577.867611
0.832522 2577.218788
0.835664 2576.546852
0.838805 2575.848675
0.841947 2575.120460
0.845088 2574.359319
0.848230 2573.561417
0.851372 2572.723635
0.854513 2571.842908
0.857655 2570.915323
0.860796 2569.938120
0.863938 2568.907323
0.867080 2567.819881
0.870221 2566.672818
0.873363 2565.462049
0.876504 2564.184994
0.879646 2562.837488
0.882788 2561.416573
0.885929 2559.919384
0.889071 2558.341618
0.892212 2556.683356
0.895354 2554.950031
0.898495 2553.150638
0.901637 2551.291929
0.904779 2549.382366
0.907920 2547.430474
0.911062 2545.442908
0.914203 2543.428825
0.917345 2541.394841
0.920487 2539.349490
0.923628 2537.301325
0.926770 2535.256936
0.929911 2533.225520
0.933053 2531.213678
0.936195 2529.229959
0.939336 2527.282876
0.942478 2525.379084
0.945619 2523.527690
0.948761 2521.735410
0.951903 2520.010742
0.955044 2518.362096
0.958186 2516.796320
0.961327 2515.322304
0.964469 2513.947005
0.967611 2512.678806
0.970752 2511.525955
0.973894 2510.495614
0.977035 2509.596331
0.980177 2508.835432
0.983319 2508.221122
0.986460 2507.761421
0.989602 2507.463932
0.992743 2507.336740
0.995885 2507.387659
0.999026 2507.624550
1.002168 2508.055461
1.005310 2508.688245
1.008451 2509.530499
1.011593 2510.590655
1.014734 2511.875933
1.017876 2513.392645
1.021018 2515.129170
1.024159 2517.066475
1.027301 2519.187386
1.030442 2521.472156
1.033584 2523.903833
1.036726 2526.463302
1.039867 2529.131288
1.043009 2531.891083
1.046150 2534.722530
1.049292 2537.609027
1.052434 2540.531272
1.055575 2543.469916
1.058717 2546.408423
1.061858 2549.326525
1.065000 2552.207674
1.068142 2555.032524
1.071283 2557.781802
1.074425 2560.438853
1.077566 2562.983587
1.080708 2565.399217
1.083849 2567.665807
1.086991 2569.766393
1.090133 2571.681818
1.093274 2573.393160
1.096416 2574.883102
1.099557 2576.132296
1.102699 2577.123132
1.105841 2577.836762
1.108982 2578.254689
1.112124 2578.358773
1.115265 2578.130550
1.118407 2577.551466
1.121549 2576.603130
1.124690 2575.267619
1.127832 2573.525677
1.130973 2571.360012
1.134115 2568.750839
1.137257 2565.680368
1.140398 2562.131396
1.143540 2558.085109
1.146681 2553.562221
1.149823 2548.608820
1.152965 2543.276320
1.156106 2537.616622
1.159248 2531.676159
1.162389 2525.508727
1.165531 2519.160436
1.168672 2512.685343
1.171814 2506.129361
1.174956 2499.544585
1.178097 2492.983145
1.181239 2486.490899
1.184380 2480.121996
1.187522 2473.922417
1.190664 2467.944263
1.193805 2462.239350
1.196947 2456.854084
1.200088 2451.841907
1.203230 2447.249665
1.206372 2443.129067
1.209513 2439.531218
1.212655 2436.503865
1.215796 2434.098951
1.218938 2432.364981
1.222080 2431.352872
1.225221 2431.112624
1.228363 2431.694119
1.231504 2433.147003
1.234646 2435.522239
1.237788 2438.869555
1.240929 2443.237443
1.244071 2448.678720
1.247212 2455.239939
1.250354 2462.975315
1.253495 2471.929939
1.256637 2482.159550
1.259779 2493.711544
1.262920 2506.631634
1.266062 2520.978084
1.269203 2536.790476
1.272345 2554.000352
1.275487 2572.292041
1.278628 2591.323790
1.281770 2610.772192
1.284911 2630.289486
1.288053 2649.552575
1.291195 2668.219628
1.294336 2685.949571
1.297478 2702.418169
1.300619 2717.279558
1.303761 2730.207677
1.306903 2740.861908
1.310044 2748.904530
1.313186 2754.005139
1.316327 2755.825108
1.319469 2754.030070
1.322611 2748.283295
1.325752 2738.253081
1.328894 2723.597516
1.332035 2703.990549
1.335177 2679.084171
1.338318 2648.558854
1.341460 2612.059638
1.344602 2569.259715
1.347743 2519.840297
1.350885 2463.434393
1.354026 2399.742526
1.357168 2328.388617
1.360310 2249.056150
1.363451 2161.438766
1.366593 2065.145151
1.369734 1959.901218
1.372876 1845.304431
1.376018 1721.051235
1.379159 1586.850370
1.382301 1442.280859
1.385442 1287.099345
1.388584 1120.871495
1.391726 943.309386
1.394867 754.139523
