0.004712 51026.922675
0.007854 48746.223887
0.010996 46556.126049
0.014137 44455.185697
0.017279 42439.967157
0.020420 40509.656161
0.023562 38660.925682
0.026704 36892.305099
0.029845 35202.221814
0.032987 33587.501764
0.036128 32047.075747
0.039270 30577.864991
0.042412 29178.273079
0.045553 27846.614971
0.048695 26579.944826
0.051836 25376.971896
0.054978 24234.832280
0.058119 23152.155960
0.061261 22126.155632
0.064403 21155.086808
0.067544 20237.135074
0.070686 19369.618013
0.073827 18550.990800
0.076969 17778.634261
0.080111 17050.718175
0.083252 16365.355745
0.086394 15720.012655
0.089535 15113.002658
0.092677 14541.841324
0.095819 14004.629391
0.098960 13499.424375
0.102102 13023.806671
0.105243 12575.981998
0.108385 12153.567286
0.111527 11754.610921
0.114668 11377.131427
0.117810 11018.790526
0.120951 10677.719286
0.124093 10351.649567
0.127235 10039.521047
0.130376 9741.036528
0.133518 9455.643094
0.136659 9183.159707
0.139801 8923.050006
0.142942 8675.116858
0.146084 8438.839536
0.149226 8213.935926
0.152367 8000.109437
0.155509 7796.861059
0.158650 7603.957463
0.161792 7420.912963
0.164934 7247.427635
0.168075 7083.189391
0.171217 6927.730795
0.174358 6780.788097
0.177500 6641.904878
0.180642 6510.766292
0.183783 6387.047639
0.186925 6270.307283
0.190066 6160.256831
0.193208 6056.463351
0.196350 5958.599966
0.199491 5866.332250
0.202633 5779.238594
0.205774 5697.011733
0.208916 5619.236452
0.212058 5545.576727
0.215199 5475.691294
0.218341 5409.172797
0.221482 5345.700873
0.224624 5284.872250
0.227765 5226.362944
0.230907 5169.772841
0.234049 5114.757962
0.237190 5060.972322
0.240332 5008.018863
0.243473 4955.649701
0.246615 4903.797230
0.249757 4852.490979
0.252898 4801.759783
0.256040 4751.584109
0.259181 4702.008660
0.262323 4653.014640
0.265465 4604.630698
0.268606 4556.884708
0.271748 4509.759039
0.274889 4463.296453
0.278031 4417.480134
0.281173 4372.337752
0.284314 4327.896118
0.287456 4284.139706
0.290597 4241.109131
0.293739 4198.789764
0.296881 4157.208193
0.300022 4116.390065
0.303164 4076.322160
0.306305 4037.042746
0.309447 3998.539584
0.312588 3960.849945
0.315730 3923.962602
0.318872 3887.902455
0.322013 3852.693352
0.325155 3818.325644
0.328296 3784.833971
0.331438 3752.209779
0.334580 3720.476641
0.337721 3689.656999
0.340863 3659.743996
0.344004 3630.769440
0.347146 3602.727649
0.350288 3575.640772
0.353429 3549.529739
0.356571 3524.390693
0.359712 3500.250561
0.362854 3477.080959
0.365996 3454.859966
0.369137 3433.564113
0.372279 3413.149742
0.375420 3393.599761
0.378562 3374.871622
0.381704 3356.941578
0.384845 3339.784865
0.387987 3323.360461
0.391128 3307.648733
0.394270 3292.609579
0.397411 3278.222485
0.400553 3264.448192
0.403695 3251.261275
0.406836 3238.635561
0.409978 3226.532912
0.413119 3214.930946
0.416261 3203.792176
0.419403 3193.090267
0.422544 3182.798327
0.425686 3172.879704
0.428827 3163.310626
0.431969 3154.054900
0.435111 3145.085520
0.438252 3136.375114
0.441394 3127.888038
0.444535 3119.599607
0.447677 3111.474446
0.450819 3103.485115
0.453960 3095.604004
0.457102 3087.795995
0.460243 3080.035972
0.463385 3072.288896
0.466527 3064.527135
0.469668 3056.723079
0.472810 3048.841658
0.475951 3040.857844
0.479093 3032.747484
0.482234 3024.522471
0.485376 3016.188001
0.488518 3007.757109
0.491659 2999.242954
0.494801 2990.650547
0.497942 2981.995787
0.501084 2973.283595
0.504226 2964.527152
0.507367 2955.739695
0.510509 2946.926063
0.513650 2938.102292
0.516792 2929.273199
0.519934 2920.452025
0.523075 2911.652004
0.526217 2902.877965
0.529358 2894.145922
0.532500 2885.460747
0.535642 2876.835662
0.538783 2868.283814
0.541925 2859.810189
0.545066 2851.430610
0.548208 2843.150174
0.551350 2834.981999
0.554491 2826.939061
0.557633 2819.026670
0.560774 2811.260292
0.563916 2803.645415
0.567057 2796.197314
0.570199 2788.921678
0.573341 2781.831342
0.576482 2774.938903
0.579624 2768.250405
0.582765 2761.780534
0.585907 2755.535603
0.589049 2749.528141
0.592190 2743.770378
0.595332 2738.267844
0.598473 2733.021630
0.601615 2728.019625
0.604757 2723.254697
0.607898 2718.719417
0.611040 2714.402059
0.614181 2710.296536
0.617323 2706.391398
0.620465 2702.679145
0.623606 2699.152031
0.626748 2695.798973
0.629889 2692.613271
0.633031 2689.584060
0.636173 2686.703540
0.639314 2683.963722
0.642456 2681.354024
0.645597 2678.867273
0.648739 2676.493049
0.651880 2674.224028
0.655022 2672.049929
0.658164 2669.962651
0.661305 2667.953981
0.664447 2666.013802
0.667588 2664.134517
0.670730 2662.306091
0.673872 2660.520291
0.677013 2658.768831
0.680155 2657.041758
0.683296 2655.331338
0.686438 2653.627644
0.689580 2651.922382
0.692721 2650.207263
0.695863 2648.472355
0.699004 2646.709929
0.702146 2644.910027
0.705288 2643.064363
0.708429 2641.164714
0.711571 2639.201076
0.714712 2637.170371
0.717854 2635.075117
0.720996 2632.920626
0.724137 2630.712289
0.727279 2628.453377
0.730420 2626.150001
0.733562 2623.805373
0.736703 2621.425659
0.739845 2619.014022
0.742987 2616.575891
0.746128 2614.116731
0.749270 2611.639652
0.752411 2609.150907
0.755553 2606.653587
0.758695 2604.153161
0.761836 2601.655102
0.764978 2599.162496
0.768119 2596.681605
0.771261 2594.215526
0.774403 2591.769729
0.777544 2589.349658
0.780686 2586.958449
0.783827 2584.602298
0.786969 2582.284383
0.790111 2580.010138
0.793252 2577.784940
0.796394 2575.612051
0.799535 2573.497527
0.802677 2571.444699
0.805819 2569.458929
0.808960 2567.545491
0.812102 2565.707845
0.815243 2563.951834
0.818385 2562.281017
0.821526 2560.701134
0.824668 2559.215854
0.827810 2557.830373
0.830951 2556.548959
0.834093 2555.369069
0.837234 2554.287346
0.840376 2553.298984
0.843518 2552.400221
0.846659 2551.587184
0.849801 2550.855236
0.852942 2550.200726
0.856084 2549.619118
0.859226 2549.106514
0.862367 2548.658926
0.865509 2548.271950
0.868650 2547.941716
0.871792 2547.663894
0.874934 2547.434478
0.878075 2547.249402
0.881217 2547.104428
0.884358 2546.995532
0.887500 2546.918526
0.890642 2546.869329
0.893783 2546.843828
0.896925 2546.837887
0.900066 2546.847392
0.903208 2546.868231
0.906349 2546.896274
0.909491 2546.927420
0.912633 2546.957541
0.915774 2546.982511
0.918916 2546.998226
0.922057 2547.000560
0.925199 2546.985395
0.928341 2546.948609
0.931482 2546.886105
0.934624 2546.793727
0.937765 2546.667414
0.940907 2546.502969
0.944049 2546.296305
0.947190 2546.043445
0.950332 2545.742776
0.953473 2545.396772
0.956615 2545.007785
0.959757 2544.578489
0.962898 2544.111612
0.966040 2543.609427
0.969181 2543.074825
0.972323 2542.510036
0.975465 2541.917799
0.978606 2541.300886
0.981748 2540.661475
0.984889 2540.002544
0.988031 2539.326245
0.991172 2538.635578
0.994314 2537.932677
0.997456 2537.220329
1.000597 2536.501339
1.003739 2535.777818
1.006880 2535.052799
1.010022 2534.328391
1.013164 2533.607397
1.016305 2532.892616
1.019447 2532.186164
1.022588 2531.491061
1.025730 2530.809437
1.028872 2530.144086
1.032013 2529.497784
1.035155 2528.872690
1.038296 2528.271773
1.041438 2527.697222
1.044580 2527.151804
1.047721 2526.638250
1.050863 2526.158804
1.054004 2525.716342
1.057146 2525.313153
1.060288 2524.951958
1.063429 2524.635421
1.066571 2524.365340
1.069712 2524.140871
1.072854 2523.959866
1.075995 2523.820438
1.079137 2523.720493
1.082279 2523.658076
1.085420 2523.631186
1.088562 2523.637801
1.091703 2523.675912
1.094845 2523.743541
1.097987 2523.838673
1.101128 2523.959262
1.104270 2524.103380
1.107411 2524.268931
1.110553 2524.454016
1.113695 2524.656581
1.116836 2524.874548
1.119978 2525.106053
1.123119 2525.348943
1.126261 2525.601369
1.129403 2525.861250
1.132544 2526.126495
1.135686 2526.395270
1.138827 2526.665399
1.141969 2526.935049
1.145111 2527.202130
1.148252 2527.464554
1.151394 2527.720482
1.154535 2527.967749
1.157677 2528.204508
1.160818 2528.428603
1.163960 2528.638173
1.167102 2528.831139
1.170243 2529.005444
1.173385 2529.159194
1.176526 2529.290287
1.179668 2529.396803
1.182810 2529.476758
1.185951 2529.530145
1.189093 2529.559192
1.192234 2529.566191
1.195376 2529.553457
1.198518 2529.523297
1.201659 2529.478037
1.204801 2529.419961
1.207942 2529.351414
1.211084 2529.274666
1.214226 2529.192046
1.217367 2529.105895
1.220509 2529.018468
1.223650 2528.932132
1.226792 2528.849141
1.229934 2528.771836
1.233075 2528.702549
1.236217 2528.643545
1.239358 2528.597174
1.242500 2528.565715
1.245641 2528.551500
1.248783 2528.556830
1.251925 2528.584023
1.255066 2528.635371
1.258208 2528.713218
1.261349 2528.819824
1.264491 2528.957568
1.267633 2529.128732
1.270774 2529.335555
1.273916 2529.580481
1.277057 2529.865664
1.280199 2530.193595
1.283341 2530.566503
1.286482 2530.986557
1.289624 2531.456335
1.292765 2531.977849
1.295907 2532.553742
1.299049 2533.186166
