0.003142 51501.558006
0.006283 49170.598758
0.009425 46931.476457
0.012566 44783.520370
0.015708 42723.265902
0.018850 40749.313723
0.021991 38860.154646
0.025133 37052.488860
0.028274 35325.370995
0.031416 33675.604420
0.034558 32101.654154
0.037699 30601.888708
0.040841 29173.256212
0.043982 27814.570029
0.047124 26522.868121
0.050265 25296.876688
0.053407 24133.718186
0.056549 23031.695755
0.059690 21989.034713
0.062832 21002.974247
0.065973 20072.046006
0.069115 19193.560324
0.072257 18365.724733
0.075398 17586.682290
0.078540 16853.840042
0.081681 16165.568452
0.084823 15519.332364
0.087965 14913.260388
0.091106 14345.430005
0.094248 13813.382749
0.097389 13315.361269
0.100531 12848.951551
0.103673 12412.219963
0.106814 12003.195100
0.109956 11619.519610
0.113097 11259.341700
0.116239 10920.335126
0.119381 10600.520702
0.122522 10297.894817
0.125664 10010.167868
0.128805 9735.426988
0.131947 9471.519568
0.135088 9217.757064
0.138230 8973.735321
0.141372 8739.300385
0.144513 8514.286097
0.147655 8298.312912
0.150796 8091.282134
0.153938 7892.825668
0.157080 7702.774494
0.160221 7520.948892
0.163363 7346.996815
0.166504 7180.792820
0.169646 7021.994809
0.172788 6870.420575
0.175929 6725.878716
0.179071 6588.040925
0.182212 6456.758772
0.185354 6331.712393
0.188496 6212.708277
0.191637 6099.545218
0.194779 5991.914891
0.197920 5889.649637
0.201062 5792.448068
0.204204 5700.107247
0.207345 5612.418047
0.210487 5529.088361
0.213628 5449.935063
0.216770 5374.671483
0.219911 5303.109357
0.223053 5234.966850
0.226195 5170.030984
0.229336 5108.084700
0.232478 5048.852285
0.235619 4992.135272
0.238761 4937.661276
0.241903 4885.212407
0.245044 4834.568195
0.248186 4785.460124
0.251327 4737.683280
0.254469 4690.970974
0.257611 4645.105937
0.260752 4599.974974
0.263894 4555.540392
0.267035 4511.827841
0.270177 4468.806851
0.273319 4426.488817
0.276460 4384.884235
0.279602 4343.963981
0.282743 4303.751466
0.285885 4264.218451
0.289027 4225.375211
0.292168 4187.231147
0.295310 4149.759335
0.298451 4112.980992
0.301593 4076.870065
0.304734 4041.446906
0.307876 4006.686324
0.311018 3972.597068
0.314159 3939.187033
0.317301 3906.432310
0.320442 3874.351114
0.323584 3842.920382
0.326726 3812.147797
0.329867 3782.040205
0.333009 3752.575800
0.336150 3723.770702
0.339292 3695.603935
0.342434 3668.082136
0.345575 3641.211123
0.348717 3614.971151
0.351858 3589.376287
0.355000 3564.407599
0.358142 3540.070701
0.361283 3516.370402
0.364425 3493.288977
0.367566 3470.838482
0.370708 3449.001988
0.373850 3427.784105
0.376991 3407.188657
0.380133 3387.199893
0.383274 3367.827892
0.386416 3349.054368
0.389557 3330.877572
0.392699 3313.271112
0.395841 3296.226046
0.398982 3279.732719
0.402124 3263.765810
0.405265 3248.320672
0.408407 3233.372651
0.411549 3218.911925
0.414690 3204.928050
0.417832 3191.397304
0.420973 3178.313489
0.424115 3165.653455
0.427257 3153.406617
0.430398 3141.561860
0.433540 3130.096826
0.436681 3119.004000
0.439823 3108.261501
0.442965 3097.858098
0.446106 3087.782125
0.449248 3078.012350
0.452389 3068.540179
0.455531 3059.344764
0.458673 3050.414344
0.461814 3041.736822
0.464956 3033.291854
0.468097 3025.070005
0.471239 3017.051221
0.474380 3009.225795
0.477522 3001.573926
0.480664 2994.083313
0.483805 2986.741451
0.486947 2979.528847
0.490088 2972.435279
0.493230 2965.441413
0.496372 2958.534704
0.499513 2951.702495
0.502655 2944.925618
0.505796 2938.193575
0.508938 2931.487260
0.512080 2924.796142
0.515221 2918.120917
0.518363 2911.459599
0.521504 2904.818691
0.524646 2898.196231
0.527788 2891.596602
0.530929 2885.024158
0.534071 2878.476980
0.537212 2871.961500
0.540354 2865.475835
0.543496 2859.024329
0.546637 2852.611285
0.549779 2846.234885
0.552920 2839.901451
0.556062 2833.609217
0.559203 2827.364452
0.562345 2821.165446
0.565487 2815.016459
0.568628 2808.921690
0.571770 2802.879524
0.574911 2796.896070
0.578053 2790.969786
0.581195 2785.104849
0.584336 2779.305364
0.587478 2773.569902
0.590619 2767.904379
0.593761 2762.307452
0.596903 2756.783203
0.600044 2751.335619
0.603186 2745.963498
0.606327 2740.672523
0.609469 2735.461591
0.612611 2730.334666
0.615752 2725.295603
0.618894 2720.343459
0.622035 2715.483651
0.625177 2710.715350
0.628319 2706.042385
0.631460 2701.468461
0.634602 2696.992931
0.637743 2692.620769
0.640885 2688.349496
0.644026 2684.180863
0.647168 2680.111222
0.650310 2676.140921
0.653451 2672.270182
0.656593 2668.495548
0.659734 2664.818426
0.662876 2661.235480
0.666018 2657.746904
0.669159 2654.352767
0.672301 2651.049914
0.675442 2647.839454
0.678584 2644.718349
0.681726 2641.686640
0.684867 2638.744256
0.688009 2635.888330
0.691150 2633.119684
0.694292 2630.435562
0.697434 2627.835865
0.700575 2625.320386
0.703717 2622.886529
0.706858 2620.534849
0.710000 2618.262854
0.713142 2616.070313
0.716283 2613.956890
0.719425 2611.920246
0.722566 2609.960683
0.725708 2608.075960
0.728849 2606.266282
0.731991 2604.529502
0.735133 2602.865215
0.738274 2601.272922
0.741416 2599.750613
0.744557 2598.298265
0.747699 2596.913958
0.750841 2595.597172
0.753982 2594.347299
0.757124 2593.162549
0.760265 2592.042683
0.763407 2590.985970
0.766549 2589.990675
0.769690 2589.053431
0.772832 2588.169867
0.775973 2587.336770
0.779115 2586.549837
0.782257 2585.805563
0.785398 2585.100392
0.788540 2584.430101
0.791681 2583.791341
0.794823 2583.179932
0.797965 2582.592305
0.801106 2582.024864
0.804248 2581.473471
0.807389 2580.934703
0.810531 2580.404445
0.813672 2579.879258
0.816814 2579.355035
0.819956 2578.828166
0.823097 2578.295047
0.826239 2577.751564
0.829380 2577.194290
0.832522 2576.619094
0.835664 2576.022376
0.838805 2575.400562
0.841947 2574.749481
0.845088 2574.065774
0.848230 2573.345231
0.851372 2572.584289
0.854513 2571.779435
0.857655 2570.926382
0.860796 2570.021899
0.863938 2569.061636
0.867080 2568.042096
0.870221 2566.959858
0.873363 2565.810459
0.876504 2564.590855
0.879646 2563.296497
0.882788 2561.923985
0.885929 2560.470019
0.889071 2558.929901
0.892212 2557.303406
0.895354 2555.596136
0.898495 2553.817303
0.901637 2551.973900
0.904779 2550.074614
0.907920 2548.128200
0.911062 2546.141546
0.914203 2544.124042
0.917345 2542.082529
0.920487 2540.025776
0.923628 2537.962569
0.926770 2535.899722
0.929911 2533.846672
0.933053 2531.810240
0.936195 2529.799211
0.939336 2527.822337
0.942478 2525.886488
0.945619 2524.001020
0.948761 2522.172859
0.951903 2520.410745
0.955044 2518.723331
0.958186 2517.117671
0.961327 2515.602911
0.964469 2514.186213
0.967611 2512.876205
0.970752 2511.681377
0.973894 2510.609097
0.977035 2509.668170
0.980177 2508.866126
0.983319 2508.211415
0.986460 2507.712300
0.989602 2507.376591
0.992743 2507.212625
0.995885 2507.228426
0.999026 2507.432107
1.002168 2507.831927
1.005310 2508.435980
1.008451 2509.252101
1.011593 2510.288937
1.014734 2511.553954
1.017876 2513.053649
1.021018 2514.776372
1.024159 2516.702963
1.027301 2518.816107
1.030442 2521.095928
1.033584 2523.525338
1.036726 2526.085092
1.039867 2528.755779
1.043009 2531.520561
1.046150 2534.359146
1.049292 2537.254801
1.052434 2540.188089
1.055575 2543.139525
1.058717 2546.092448
1.061858 2549.026448
1.065000 2551.924852
1.068142 2554.768178
1.071283 2557.537013
1.074425 2560.214582
1.077566 2562.780647
1.080708 2565.218304
1.083849 2567.507468
1.086991 2569.631057
1.090133 2571.569775
1.093274 2573.304557
1.096416 2574.817970
1.099557 2576.090518
1.102699 2577.104471
1.105841 2577.840841
1.108982 2578.280992
1.112124 2578.406664
1.115265 2578.199247
1.118407 2577.640067
1.121549 2576.710594
1.124690 2575.392764
1.127832 2573.667200
1.130973 2571.516469
1.134115 2568.920660
1.137257 2565.861846
1.140398 2562.322688
1.143540 2558.284249
1.146681 2553.767230
1.149823 2548.817806
1.152965 2543.487487
1.156106 2537.828262
1.159248 2531.886657
1.162389 2525.716563
1.165531 2519.364180
1.168672 2512.883659
1.171814 2506.321004
1.174956 2499.728401
1.178097 2493.158077
1.181239 2486.655976
1.184380 2480.276347
1.187522 2474.065255
1.190664 2468.074896
1.193805 2462.357185
1.196947 2456.958610
1.200088 2451.932715
1.203230 2447.326429
1.206372 2443.191557
1.209513 2439.579303
1.212655 2436.537495
1.215796 2434.118179
1.218938 2432.369942
1.222080 2431.343799
1.225221 2431.089845
1.228363 2431.658048
1.231504 2433.098154
1.234646 2435.461208
1.237788 2438.797037
1.240929 2443.154228
1.244071 2448.585683
1.247212 2455.138055
1.250354 2462.865643
1.253495 2471.813638
1.256637 2482.037865
1.259779 2493.585816
1.262920 2506.503297
1.266062 2520.848661
1.269203 2536.661584
1.272345 2553.873626
1.275487 2572.169003
1.278628 2591.205827
1.281770 2610.660568
1.284911 2630.185331
1.288053 2649.456895
1.291195 2668.133297
1.294336 2685.873331
1.297478 2702.352638
1.300619 2717.225219
1.303761 2730.164891
1.306903 2740.830903
1.310044 2748.885401
1.313186 2753.997860
1.316327 2755.829514
1.319469 2754.045878
1.322611 2748.310086
1.325752 2738.290303
1.328894 2723.644498
1.332035 2704.046481
1.335177 2679.148122
1.338318 2648.629757
1.341460 2612.136303
1.344602 2569.340818
1.347743 2519.924386
1.350885 2463.519888
1.354026 2399.827717
1.357168 2328.471664
1.360310 2249.135085
1.363451 2161.511493
1.366593 2065.209441
1.369734 1959.954719
1.372876 1845.344654
1.376018 1721.075565
1.379159 1586.856068
1.382301 1442.265048
1.385442 1287.059030
1.388584 1120.803536
1.391726 943.210523
1.394867 754.006377
