0.003142 49257.161920
0.006283 47412.697745
0.009425 45624.367776
0.012566 43892.320494
0.015708 42214.462759
0.018850 40590.364279
0.021991 39019.526331
0.025133 37499.958422
0.028274 36031.637957
0.031416 34612.639720
0.034558 33242.448670
0.037699 31920.487635
0.040841 30644.924593
0.043982 29415.581631
0.047124 28230.685699
0.050265 27090.001171
0.053407 25991.811450
0.056549 24935.496083
0.059690 23920.381310
0.062832 22944.830491
0.065973 22008.474742
0.069115 21109.727572
0.072257 20247.902686
0.075398 19422.266790
0.078540 18631.303890
0.081681 17874.527607
0.084823 17150.465795
0.087965 16458.374198
0.091106 15797.467864
0.094248 15166.335691
0.097389 14564.389562
0.100531 13990.255914
0.103673 13443.140413
0.106814 12922.214329
0.109956 12426.155690
0.113097 11954.290400
0.116239 11505.327724
0.119381 11078.431126
0.122522 10672.735979
0.125664 10286.993681
0.128805 9920.459916
0.131947 9571.943434
0.135088 9241.013176
0.138230 8926.972247
0.141372 8629.444168
0.144513 8348.031442
0.147655 8082.070416
0.150796 7831.246127
0.153938 7594.914399
0.157080 7372.672867
0.160221 7164.101226
0.163363 6968.582206
0.166504 6785.756004
0.169646 6615.021742
0.172788 6455.955019
0.175929 6308.116582
0.179071 6170.927832
0.182212 6043.991835
0.185354 5926.743302
0.188496 5818.739652
0.191637 5719.526537
0.194779 5628.556320
0.197920 5545.402647
0.201062 5469.528106
0.204204 5400.475794
0.207345 5337.780119
0.210487 5280.916698
0.213628 5229.437467
0.216770 5182.825183
0.219911 5140.625257
0.223053 5102.326355
0.226195 5067.457994
0.229336 5035.545323
0.232478 5006.083559
0.235619 4978.607195
0.238761 4952.614272
0.241903 4927.629235
0.245044 4903.175243
0.248186 4878.752261
0.251327 4853.891578
0.254469 4828.092898
0.257611 4800.888352
0.260752 4772.067891
0.263894 4741.682172
0.267035 4709.834903
0.270177 4676.590207
0.273319 4642.042418
0.276460 4606.287527
0.279602 4569.387170
0.282743 4531.449202
0.285885 4492.533868
0.289027 4452.737506
0.292168 4412.157579
0.295310 4370.852650
0.298451 4328.933376
0.301593 4286.457467
0.304734 4243.536327
0.307876 4200.227028
0.311018 4156.627590
0.314159 4112.836404
0.317301 4068.909986
0.320442 4024.960663
0.323584 3981.044854
0.326726 3937.260973
0.329867 3893.707266
0.333009 3850.440404
0.336150 3807.572292
0.339292 3765.160038
0.342434 3723.301777
0.345575 3682.094944
0.348717 3641.597702
0.351858 3601.920194
0.355000 3563.121558
0.358142 3525.298984
0.361283 3488.548417
0.364425 3452.930860
0.367566 3418.553349
0.370708 3385.478397
0.373850 3353.801573
0.376991 3323.616666
0.380133 3294.988858
0.383274 3268.020596
0.386416 3242.740727
0.389557 3219.121547
0.392699 3197.091322
0.395841 3176.601120
0.398982 3157.600050
0.402124 3140.019318
0.405265 3123.813442
0.408407 3108.915408
0.411549 3095.273879
0.414690 3082.835920
0.417832 3071.536914
0.420973 3061.327382
0.424115 3052.144128
0.427257 3043.933860
0.430398 3036.642050
0.433540 3030.207359
0.436681 3024.577212
0.439823 3019.691326
0.442965 3015.494909
0.446106 3011.932289
0.449248 3008.944502
0.452389 3006.476777
0.455531 3004.470849
0.458673 3002.870871
0.461814 3001.620481
0.464956 3000.662186
0.468097 2999.939926
0.471239 2999.396544
0.474380 2998.975714
0.477522 2998.620473
0.480664 2998.274260
0.483805 2997.880503
0.486947 2997.382256
0.490088 2996.723164
0.493230 2995.846112
0.496372 2994.694569
0.499513 2993.212356
0.502655 2991.341833
0.505796 2989.027518
0.508938 2986.211243
0.512080 2982.847080
0.515221 2978.943021
0.518363 2974.520693
0.521504 2969.607022
0.524646 2964.223004
0.527788 2958.394255
0.530929 2952.146957
0.534071 2945.501256
0.537212 2938.485494
0.540354 2931.119328
0.543496 2923.429061
0.546637 2915.441412
0.549779 2907.175418
0.552920 2898.660452
0.556062 2889.915216
0.559203 2880.969388
0.562345 2871.841397
0.565487 2862.558188
0.568628 2853.146905
0.571770 2843.625679
0.574911 2834.024682
0.578053 2824.361924
0.581195 2814.664580
0.584336 2804.959867
0.587478 2795.265729
0.590619 2785.612449
0.593761 2776.018004
0.596903 2766.509604
0.600044 2757.114348
0.603186 2747.850378
0.606327 2738.747702
0.609469 2729.824649
0.612611 2721.108271
0.615752 2712.625360
0.618894 2704.394636
0.622035 2696.445453
0.625177 2688.796870
0.628319 2681.475594
0.631460 2674.507914
0.634602 2667.913516
0.637743 2661.719133
0.640885 2655.922832
0.644026 2650.515957
0.647168 2645.482421
0.650310 2640.811357
0.653451 2636.491440
0.656593 2632.507273
0.659734 2628.848753
0.662876 2625.500906
0.666018 2622.452300
0.669159 2619.691120
0.672301 2617.202965
0.675442 2614.976778
0.678584 2612.998498
0.681726 2611.256225
0.684867 2609.737762
0.688009 2608.429495
0.691150 2607.319620
0.694292 2606.394783
0.697434 2605.642722
0.700575 2605.050952
0.703717 2604.606452
0.706858 2604.296865
0.710000 2604.109350
0.713142 2604.031377
0.716283 2604.050278
0.719425 2604.153422
0.722566 2604.328102
0.725708 2604.561785
0.728849 2604.841682
0.731991 2605.155329
0.735133 2605.489993
0.738274 2605.832917
0.741416 2606.171676
0.744557 2606.493413
0.747699 2606.785690
0.750841 2607.035752
0.753982 2607.230899
0.757124 2607.358610
0.760265 2607.406165
0.763407 2607.361071
0.766549 2607.216684
0.769690 2606.974938
0.772832 2606.638169
0.775973 2606.209083
0.779115 2605.689896
0.782257 2605.083224
0.785398 2604.391790
0.788540 2603.617646
0.791681 2602.763775
0.794823 2601.832124
0.797965 2600.825443
0.801106 2599.746580
0.804248 2598.597339
0.807389 2597.380940
0.810531 2596.099102
0.813672 2594.755129
0.816814 2593.350656
0.819956 2591.888595
0.823097 2590.371927
0.826239 2588.802179
0.829380 2587.182839
0.832522 2585.515367
0.835664 2583.802764
0.838805 2582.048085
0.841947 2580.252704
0.845088 2578.420255
0.848230 2576.552062
0.851372 2574.651193
0.854513 2572.720761
0.857655 2570.762026
0.860796 2568.778726
0.863938 2566.772088
0.867080 2564.745233
0.870221 2562.701304
0.873363 2560.641493
0.876504 2558.569599
0.879646 2556.486795
0.882788 2554.396230
0.885929 2552.301064
0.889071 2550.202453
0.892212 2548.104702
0.895354 2546.010900
0.898495 2543.927079
0.901637 2541.856616
0.904779 2539.804879
0.907920 2537.777213
0.911062 2535.777030
0.914203 2533.810303
0.917345 2531.880481
0.920487 2529.992901
0.923628 2528.152843
0.926770 2526.363839
0.929911 2524.631727
0.933053 2522.960107
0.936195 2521.354244
0.939336 2519.819317
0.942478 2518.359052
0.945619 2516.979078
0.948761 2515.683220
0.951903 2514.476632
0.955044 2513.364359
0.958186 2512.350392
0.961327 2511.440079
0.964469 2510.637543
0.967611 2509.947792
0.970752 2509.375694
0.973894 2508.925586
0.977035 2508.602457
0.980177 2508.410801
0.983319 2508.355447
0.986460 2508.441047
0.989602 2508.672359
0.992743 2509.053935
0.995885 2509.590720
0.999026 2510.287075
1.002168 2511.148143
1.005310 2512.178434
1.008451 2513.382238
1.011593 2514.765025
1.014734 2516.330615
1.017876 2518.082767
1.021018 2520.010230
1.024159 2522.095770
1.027301 2524.324148
1.030442 2526.677388
1.033584 2529.140422
1.036726 2531.695950
1.039867 2534.326556
1.043009 2537.017347
1.046150 2539.750053
1.049292 2542.509848
1.052434 2545.279298
1.055575 2548.040957
1.058717 2550.780018
1.061858 2553.478178
1.065000 2556.120590
1.068142 2558.689819
1.071283 2561.168520
1.074425 2563.541706
1.077566 2565.791310
1.080708 2567.902196
1.083849 2569.856463
1.086991 2571.638790
1.090133 2573.231960
1.093274 2574.618994
1.096416 2575.784211
1.099557 2576.710310
1.102699 2577.381315
1.105841 2577.780323
1.108982 2577.890777
1.112124 2577.696181
1.115265 2577.180100
1.118407 2576.325640
1.121549 2575.116344
1.124690 2573.536205
1.127832 2571.567653
1.130973 2569.195380
1.134115 2566.401312
1.137257 2563.169568
1.140398 2559.484825
1.143540 2555.329940
1.146681 2550.725872
1.149823 2545.717428
1.152965 2540.354776
1.156106 2534.688536
1.159248 2528.763859
1.162389 2522.633256
1.165531 2516.341582
1.168672 2509.941581
1.171814 2503.477937
1.174956 2497.001446
1.178097 2490.562918
1.181239 2484.207013
1.184380 2477.986516
1.187522 2471.946226
1.190664 2466.136918
1.193805 2460.609077
1.196947 2455.407941
1.200088 2450.585559
1.203230 2446.187622
1.206372 2442.264498
1.209513 2438.865954
1.212655 2436.038586
1.215796 2433.832931
1.218938 2432.296346
1.222080 2431.478405
1.225221 2431.427770
1.228363 2432.193169
1.231504 2433.822852
1.234646 2436.366618
1.237788 2439.872859
1.240929 2444.388744
1.244071 2449.965909
1.247212 2456.649542
1.250354 2464.492657
1.253495 2473.539003
1.256637 2483.843097
1.259779 2495.451027
1.262920 2508.407220
1.266062 2522.768685
1.269203 2538.573729
1.272345 2555.753632
1.275487 2573.994316
1.278628 2592.955838
1.281770 2612.316536
1.284911 2631.730492
1.288053 2650.876331
1.291195 2669.414038
1.294336 2687.004376
1.297478 2703.324807
1.300619 2718.031348
1.303761 2730.799629
1.306903 2741.290867
1.310044 2749.169181
1.313186 2754.105851
1.316327 2755.764141
1.319469 2753.811369
1.322611 2747.912644
1.325752 2737.738097
1.328894 2722.947513
1.332035 2703.216712
1.335177 2678.199395
1.338318 2647.577891
1.341460 2610.998966
1.344602 2568.137634
1.347743 2518.676905
1.350885 2462.251548
1.354026 2398.563887
1.357168 2327.239632
1.360310 2247.964058
1.363451 2160.432562
1.366593 2064.255672
1.369734 1959.161015
1.372876 1844.747936
1.376018 1720.714627
1.379159 1586.771526
1.382301 1442.499610
1.385442 1287.657119
1.388584 1121.811722
1.391726 944.677184
1.394867 755.981640
