0.004712 50874.756473
0.007854 48628.872114
0.010996 46470.872986
0.014137 44399.396074
0.017279 42411.113858
0.020420 40505.284278
0.023562 38678.685291
0.026704 36929.927515
0.029845 35257.522480
0.032987 33658.396770
0.036128 32131.560616
0.039270 30674.033292
0.042412 29284.303158
0.045553 27960.772272
0.048695 26700.589360
0.051836 25502.548903
0.054978 24363.879532
0.058119 23283.298379
0.061261 22258.108867
0.064403 21286.655045
0.067544 20367.212557
0.070686 19497.187431
0.073827 18675.125795
0.076969 17898.495684
0.080111 17165.557241
0.083252 16474.514995
0.086394 15822.920405
0.089535 15209.180559
0.092677 14630.896138
0.095819 14086.259366
0.098960 13573.419635
0.102102 13090.041871
0.105243 12634.426087
0.108385 12204.273649
0.111527 11797.724838
0.114668 11412.889893
0.117810 11047.515246
0.120951 10699.825797
0.124093 10367.635665
0.127235 10049.918420
0.130376 9746.361471
0.133518 9456.390060
0.136659 9179.807457
0.139801 8916.056080
0.142942 8664.922507
0.146084 8425.865361
0.149226 8198.584998
0.152367 7982.766784
0.155509 7777.891828
0.158650 7583.709231
0.161792 7399.713879
0.164934 7225.587694
0.168075 7061.000034
0.171217 6905.464629
0.174358 6758.699173
0.177500 6620.228746
0.180642 6489.719869
0.183783 6366.828928
0.186925 6251.096204
0.190066 6142.214056
0.193208 6039.731684
0.196350 5943.303244
0.199491 5852.575189
0.202633 5767.108276
0.205774 5686.575601
0.208916 5610.544413
0.212058 5538.659542
0.215199 5470.560537
0.218341 5405.822566
0.221482 5344.105528
0.224624 5284.988656
0.227765 5228.128269
0.230907 5173.106693
0.234049 5119.560794
0.237190 5067.125559
0.240332 5015.386182
0.243473 4964.080705
0.246615 4913.145076
0.249757 4862.614417
0.252898 4812.523336
0.256040 4762.858660
0.259181 4713.670718
0.262323 4664.946913
0.265465 4616.721709
0.268606 4569.028934
0.271748 4521.856942
0.274889 4475.254476
0.278031 4429.210585
0.281173 4383.758925
0.284314 4338.932396
0.287456 4294.721177
0.290597 4251.172128
0.293739 4208.276241
0.296881 4166.066214
0.300022 4124.573871
0.303164 4083.791516
0.306305 4043.763823
0.309447 4004.484030
0.312588 3965.995853
0.315730 3928.293510
0.318872 3891.408107
0.322013 3855.369712
0.325155 3820.174100
0.328296 3785.862391
0.331438 3752.431460
0.334580 3719.911100
0.337721 3688.329942
0.340863 3657.686603
0.344004 3628.019302
0.347146 3599.327872
0.350288 3571.640643
0.353429 3544.984664
0.356571 3519.361686
0.359712 3494.804517
0.362854 3471.285197
0.365996 3448.779219
0.369137 3427.260376
0.372279 3406.682066
0.375420 3387.024504
0.378562 3368.242274
0.381704 3350.308872
0.384845 3333.196713
0.387987 3316.862000
0.391128 3301.282249
0.394270 3286.414639
0.397411 3272.235750
0.400553 3258.703656
0.403695 3245.790070
0.406836 3233.465919
0.409978 3221.690458
0.413119 3210.438297
0.416261 3199.669373
0.419403 3189.354442
0.422544 3179.463683
0.425686 3169.957899
0.428827 3160.810256
0.431969 3151.982031
0.435111 3143.443284
0.438252 3135.163706
0.441394 3127.105128
0.444535 3119.239794
0.447677 3111.529796
0.450819 3103.944762
0.453960 3096.454157
0.457102 3089.020313
0.460243 3081.615078
0.463385 3074.200837
0.466527 3066.747044
0.469668 3059.223202
0.472810 3051.591621
0.475951 3043.824320
0.479093 3035.895641
0.482234 3027.818425
0.485376 3019.599415
0.488518 3011.253048
0.491659 3002.793922
0.494801 2994.228537
0.497942 2985.574225
0.501084 2976.837361
0.504226 2968.032575
0.507367 2959.174584
0.510509 2950.269633
0.513650 2941.335270
0.516792 2932.377692
0.519934 2923.411628
0.523075 2914.451818
0.526217 2905.504440
0.529358 2896.587072
0.532500 2887.705921
0.535642 2878.875719
0.538783 2870.111134
0.541925 2861.418471
0.545066 2852.815143
0.548208 2844.307558
0.551350 2835.910358
0.554491 2827.638044
0.557633 2819.497235
0.560774 2811.504993
0.563916 2803.668115
0.567057 2796.003469
0.570199 2788.518060
0.573341 2781.226245
0.576482 2774.142134
0.579624 2767.273102
0.582765 2760.635402
0.585907 2754.236692
0.589049 2748.091011
0.592190 2742.212077
0.595332 2736.606653
0.598473 2731.275866
0.601615 2726.206782
0.604757 2721.391529
0.607898 2716.821911
0.611040 2712.485406
0.614181 2708.375169
0.617323 2704.478971
0.620465 2700.788544
0.623606 2697.295354
0.626748 2693.987568
0.629889 2690.857685
0.633031 2687.894100
0.636173 2685.088224
0.639314 2682.431267
0.642456 2679.911926
0.645597 2677.522199
0.648739 2675.250953
0.651880 2673.090027
0.655022 2671.028434
0.658164 2669.057266
0.661305 2667.167499
0.664447 2665.348319
0.667588 2663.591277
0.670730 2661.885643
0.673872 2660.222374
0.677013 2658.592370
0.680155 2656.984983
0.683296 2655.391628
0.686438 2653.801681
0.689580 2652.206037
0.692721 2650.595599
0.695863 2648.959731
0.699004 2647.289867
0.702146 2645.575333
0.705288 2643.807042
0.708429 2641.975973
0.711571 2640.071401
0.714712 2638.089831
0.717854 2636.034152
0.720996 2633.910076
0.724137 2631.723402
0.727279 2629.477832
0.730420 2627.179885
0.733562 2624.833191
0.736703 2622.444333
0.739845 2620.016884
0.742987 2617.556691
0.746128 2615.069645
0.749270 2612.559253
0.752411 2610.032205
0.755553 2607.491984
0.758695 2604.944486
0.761836 2602.395617
0.764978 2599.848845
0.768119 2597.310884
0.771261 2594.785209
0.774403 2592.277724
0.777544 2589.794309
0.780686 2587.338476
0.783827 2584.916878
0.786969 2582.533066
0.790111 2580.192912
0.793252 2577.902229
0.796394 2575.664651
0.799535 2573.486695
0.802677 2571.372064
0.805819 2569.326558
0.808960 2567.355883
0.812102 2565.463880
0.815243 2563.656841
0.818385 2561.938710
0.821526 2560.315670
0.824668 2558.791781
0.827810 2557.372668
0.830951 2556.062964
0.834093 2554.860056
0.837234 2553.760376
0.840376 2552.758878
0.843518 2551.851580
0.846659 2551.034382
0.849801 2550.302417
0.852942 2549.651808
0.856084 2549.077794
0.859226 2548.576247
0.862367 2548.142948
0.865509 2547.773275
0.868650 2547.463119
0.871792 2547.207938
0.874934 2547.003491
0.878075 2546.845474
0.881217 2546.729442
0.884358 2546.651124
0.887500 2546.606124
0.890642 2546.590125
0.893783 2546.598775
0.896925 2546.627732
0.900066 2546.672635
0.903208 2546.729165
0.906349 2546.792943
0.909491 2546.859663
0.912633 2546.924959
0.915774 2546.984466
0.918916 2547.033875
0.922057 2547.068812
0.925199 2547.084952
0.928341 2547.077935
0.931482 2547.043429
0.934624 2546.977067
0.937765 2546.874546
0.940907 2546.731456
0.944049 2546.543475
0.947190 2546.306396
0.950332 2546.018533
0.953473 2545.682467
0.956615 2545.300686
0.959757 2544.875993
0.962898 2544.411245
0.966040 2543.908850
0.969181 2543.371828
0.972323 2542.802540
0.975465 2542.203854
0.978606 2541.578678
0.981748 2540.929314
0.984889 2540.258878
0.988031 2539.569647
0.991172 2538.864758
0.994314 2538.146468
0.997456 2537.417699
1.000597 2536.681393
1.003739 2535.939781
1.006880 2535.196037
1.010022 2534.452391
1.013164 2533.711782
1.016305 2532.977146
1.019447 2532.250718
1.022588 2531.535661
1.025730 2530.834223
1.028872 2530.149337
1.032013 2529.483914
1.035155 2528.840233
1.038296 2528.221406
1.041438 2527.629740
1.044580 2527.068140
1.047721 2526.539472
1.050863 2526.046102
1.054004 2525.591045
1.057146 2525.176715
1.060288 2524.805965
1.063429 2524.481595
1.066571 2524.205499
1.069712 2523.976795
1.072854 2523.793242
1.075995 2523.652863
1.079137 2523.553473
1.082279 2523.493026
1.085420 2523.469430
1.088562 2523.480574
1.091703 2523.524355
1.094845 2523.598707
1.097987 2523.701524
1.101128 2523.830666
1.104270 2523.984118
1.107411 2524.159690
1.110553 2524.355396
1.113695 2524.569090
1.116836 2524.798599
1.119978 2525.041973
1.123119 2525.296965
1.126261 2525.561639
1.129403 2525.833822
1.132544 2526.111328
1.135686 2526.392237
1.138827 2526.674278
1.141969 2526.955534
1.145111 2527.233819
1.148252 2527.506951
1.151394 2527.773009
1.154535 2528.029728
1.157677 2528.275178
1.160818 2528.507106
1.163960 2528.723566
1.167102 2528.922385
1.170243 2529.101413
1.173385 2529.258670
1.176526 2529.391959
1.179668 2529.499272
1.182810 2529.578536
1.185951 2529.629755
1.189093 2529.655278
1.192234 2529.657526
1.195376 2529.638936
1.198518 2529.601945
1.201659 2529.549008
1.204801 2529.482530
1.207942 2529.404991
1.211084 2529.318779
1.214226 2529.226354
1.217367 2529.130188
1.220509 2529.032656
1.223650 2528.936257
1.226792 2528.843367
1.229934 2528.756456
1.233075 2528.677987
1.236217 2528.610346
1.239358 2528.556013
1.242500 2528.517393
1.245641 2528.496945
1.248783 2528.497095
1.251925 2528.520292
1.255066 2528.568953
1.258208 2528.645547
1.261349 2528.752462
1.264491 2528.892205
1.267633 2529.067185
1.270774 2529.279765
1.273916 2529.532521
1.277057 2529.827726
1.280199 2530.168007
1.283341 2530.555716
1.286482 2530.993143
1.289624 2531.483005
1.292765 2532.027427
1.295907 2532.629192
1.299049 2533.290576
