0.003142 51525.743756
0.006283 49189.282850
0.009425 46945.063515
0.012566 44792.405739
0.015708 42727.829404
0.018850 40749.924207
0.021991 38857.169518
0.025133 37046.250709
0.028274 35316.211957
0.031416 33663.842241
0.034558 32087.595033
0.037699 30585.826901
0.040841 29155.472173
0.043982 27795.332785
0.047124 26502.433245
0.050265 25275.487992
0.053407 24111.606346
0.056549 23009.079257
0.059690 21966.119573
0.062832 20979.953765
0.065973 20049.101024
0.069115 19170.859203
0.072257 18343.423308
0.075398 17564.923669
0.078540 16832.755149
0.081681 16145.275260
0.084823 15499.936821
0.087965 14894.855676
0.091106 14328.096422
0.094248 13797.188746
0.097389 13300.362050
0.100531 12835.190549
0.103673 12399.727710
0.106814 11991.989182
0.109956 11609.605906
0.113097 11250.712743
0.116239 10912.971736
0.119381 10594.390759
0.122522 10292.953297
0.125664 10006.357977
0.128805 9732.678687
0.131947 9469.751946
0.135088 9216.886254
0.138230 8973.680742
0.141372 8739.983928
0.144513 8515.632224
0.147655 8300.249274
0.150796 8093.738774
0.153938 7895.735731
0.157080 7706.073715
0.160221 7524.575682
0.163363 7350.892564
0.166504 7184.901512
0.169646 7026.263334
0.172788 6874.798514
0.175929 6730.318408
0.179071 6592.497518
0.182212 6461.190169
0.185354 6336.079252
0.188496 6216.974024
0.191637 6103.676100
0.194779 5995.879835
0.197920 5893.420444
0.201062 5795.999185
0.204204 5703.415947
0.207345 5615.464458
0.210487 5531.855216
0.213628 5452.408038
0.216770 5376.838834
0.219911 5304.962306
0.223053 5236.499185
0.226195 5171.239362
0.229336 5108.968651
0.232478 5049.413899
0.235619 4992.379615
0.238761 4937.595979
0.241903 4884.847972
0.245044 4833.917983
0.248186 4784.540081
0.251327 4736.512295
0.254469 4689.570541
0.257611 4643.500346
0.260752 4598.189612
0.263894 4553.599694
0.267035 4509.755405
0.270177 4466.625256
0.273319 4424.219749
0.276460 4382.548464
0.279602 4341.581295
0.282743 4301.340748
0.285885 4261.797631
0.289027 4222.961294
0.292168 4184.840189
0.295310 4147.406473
0.298451 4110.680402
0.301593 4074.635019
0.304734 4039.289700
0.307876 4004.618365
0.311018 3970.628805
0.314159 3937.327941
0.317301 3904.690998
0.320442 3872.735180
0.323584 3841.436567
0.326726 3810.801867
0.329867 3780.836943
0.333009 3751.519142
0.336150 3722.863558
0.339292 3694.848370
0.342434 3667.479235
0.345575 3640.760982
0.348717 3614.673029
0.351858 3589.228410
0.355000 3564.407352
0.358142 3540.214484
0.361283 3516.653636
0.364425 3493.706233
0.367566 3471.383312
0.370708 3449.667088
0.373850 3428.561192
0.376991 3408.068480
0.380133 3388.172332
0.383274 3368.881830
0.386416 3350.178183
0.389557 3332.059916
0.392699 3314.501120
0.395841 3297.493280
0.398982 3281.027179
0.402124 3265.077959
0.405265 3249.641408
0.408407 3234.693324
0.411549 3220.224328
0.414690 3206.224427
0.417832 3192.670336
0.420973 3179.556316
0.424115 3166.859646
0.427257 3154.570194
0.430398 3142.677310
0.433540 3131.159048
0.436681 3120.008376
0.439823 3109.203820
0.442965 3098.734614
0.446106 3088.589561
0.449248 3078.747831
0.452389 3069.201321
0.455531 3059.929581
0.458673 3050.921322
0.461814 3042.164916
0.464956 3033.640418
0.468097 3025.338886
0.471239 3017.240663
0.474380 3009.336539
0.477522 3001.607109
0.480664 2994.040544
0.483805 2986.624805
0.486947 2979.340801
0.490088 2972.178802
0.493230 2965.119875
0.496372 2958.151943
0.499513 2951.262814
0.502655 2944.433729
0.505796 2937.654669
0.508938 2930.906946
0.512080 2924.180405
0.515221 2917.475664
0.518363 2910.790486
0.521504 2904.131158
0.524646 2897.495473
0.527788 2890.887590
0.530929 2884.311630
0.534071 2877.765440
0.537212 2871.255218
0.540354 2864.778853
0.543496 2858.340457
0.546637 2851.944092
0.549779 2845.587719
0.552920 2839.277418
0.556062 2833.011202
0.559203 2826.795093
0.562345 2820.627166
0.565487 2814.511441
0.568628 2808.451873
0.571770 2802.446637
0.574911 2796.501586
0.578053 2790.614970
0.581195 2784.790723
0.584336 2779.032703
0.587478 2773.339276
0.590619 2767.716098
0.593761 2762.161622
0.596903 2756.679684
0.600044 2751.274025
0.603186 2745.943237
0.606327 2740.692745
0.609469 2735.521241
0.612611 2730.432440
0.615752 2725.429956
0.618894 2720.512638
0.622035 2715.685647
0.625177 2710.947943
0.628319 2706.303110
0.631460 2701.754616
0.634602 2697.301597
0.637743 2692.948795
0.640885 2688.693726
0.644026 2684.538251
0.647168 2680.478855
0.650310 2676.516004
0.653451 2672.650043
0.656593 2668.877641
0.659734 2665.200329
0.662876 2661.614894
0.666018 2658.121652
0.669159 2654.720800
0.672301 2651.409302
0.675442 2648.188396
0.678584 2645.055161
0.681726 2642.009764
0.684867 2639.052264
0.688009 2636.179907
0.691150 2633.393651
0.694292 2630.690852
0.697434 2628.071538
0.700575 2625.535634
0.703717 2623.080655
0.706858 2620.707293
0.710000 2618.413166
0.713142 2616.198172
0.716283 2614.062108
0.719425 2612.002744
0.722566 2610.020519
0.725708 2608.113302
0.728849 2606.281436
0.731991 2604.522884
0.735133 2602.837371
0.738274 2601.224528
0.741416 2599.682458
0.744557 2598.211271
0.747699 2596.809161
0.750841 2595.475736
0.753982 2594.210519
0.757124 2593.011832
0.760265 2591.879568
0.763407 2590.812113
0.766549 2589.807782
0.769690 2588.863152
0.772832 2587.973780
0.775973 2587.136393
0.779115 2586.346615
0.782257 2585.600880
0.785398 2584.895562
0.788540 2584.226372
0.791681 2583.589896
0.794823 2582.981886
0.797965 2582.398709
0.801106 2581.836697
0.804248 2581.291651
0.807389 2580.760078
0.810531 2580.237799
0.813672 2579.721306
0.816814 2579.206428
0.819956 2578.689489
0.823097 2578.166814
0.826239 2577.634227
0.829380 2577.088230
0.832522 2576.524631
0.835664 2575.939761
0.838805 2575.329975
0.841947 2574.691045
0.845088 2574.019535
0.848230 2573.311178
0.851372 2572.562340
0.854513 2571.769437
0.857655 2570.928124
0.860796 2570.035096
0.863938 2569.085943
0.867080 2568.077099
0.870221 2567.005072
0.873363 2565.865339
0.876504 2564.654786
0.879646 2563.368799
0.882788 2562.003912
0.885929 2560.556754
0.889071 2559.022565
0.892212 2557.401075
0.895354 2555.697909
0.898495 2553.922314
0.901637 2552.081323
0.904779 2550.183656
0.907920 2548.238104
0.911062 2546.251594
0.914203 2544.233551
0.917345 2542.190852
0.920487 2540.132303
0.923628 2538.066726
0.926770 2536.000972
0.929911 2533.944515
0.933053 2531.904209
0.936195 2529.888878
0.939336 2527.907312
0.942478 2525.966413
0.945619 2524.075578
0.948761 2522.241765
0.951903 2520.473753
0.955044 2518.780232
0.958186 2517.168290
0.961327 2515.647111
0.964469 2514.223892
0.967611 2512.907298
0.970752 2511.705859
0.973894 2510.626972
0.977035 2509.679486
0.980177 2508.870961
0.983319 2508.209887
0.986460 2507.704563
0.989602 2507.362833
0.992743 2507.193075
0.995885 2507.203344
0.999026 2507.401794
1.002168 2507.796716
1.005310 2508.396243
1.008451 2509.208248
1.011593 2510.241411
1.014734 2511.503236
1.017876 2513.000251
1.021018 2514.720800
1.024159 2516.645703
1.027301 2518.757624
1.030442 2521.036665
1.033584 2523.465718
1.036726 2526.025517
1.039867 2528.696630
1.043009 2531.462197
1.046150 2534.301906
1.049292 2537.199004
1.052434 2540.134032
1.055575 2543.087483
1.058717 2546.042677
1.061858 2548.979180
1.065000 2551.880302
1.068142 2554.726538
1.071283 2557.498454
1.074425 2560.179255
1.077566 2562.748680
1.080708 2565.189806
1.083849 2567.482526
1.086991 2569.609740
1.090133 2571.552126
1.093274 2573.290601
1.096416 2574.807711
1.099557 2576.083937
1.102699 2577.101531
1.105841 2577.841483
1.108982 2578.285135
1.112124 2578.414208
1.115265 2578.210068
1.118407 2577.654024
1.121549 2576.727521
1.124690 2575.412477
1.127832 2573.689493
1.130973 2571.541114
1.134115 2568.947410
1.137257 2565.890432
1.140398 2562.352820
1.143540 2558.315618
1.146681 2553.799522
1.149823 2548.850726
1.152965 2543.520749
1.156106 2537.861599
1.159248 2531.919814
1.162389 2525.749301
1.165531 2519.396273
1.168672 2512.914898
1.171814 2506.351191
1.174956 2499.757355
1.178097 2493.185631
1.181239 2486.681979
1.184380 2480.300659
1.187522 2474.087754
1.190664 2468.095473
1.193805 2462.375746
1.196947 2456.975074
1.200088 2451.947018
1.203230 2447.338521
1.206372 2443.201400
1.209513 2439.586877
1.212655 2436.542792
1.215796 2434.121207
1.218938 2432.370723
1.222080 2431.342370
1.225221 2431.086257
1.228363 2431.652366
1.231504 2433.090459
1.234646 2435.451595
1.237788 2438.785614
1.240929 2443.141120
1.244071 2448.571028
1.247212 2455.122006
1.250354 2462.848368
1.253495 2471.795318
1.256637 2482.018697
1.259779 2493.566011
1.262920 2506.483081
1.266062 2520.828275
1.269203 2536.641282
1.272345 2553.853665
1.275487 2572.149622
1.278628 2591.187246
1.281770 2610.642985
1.284911 2630.168925
1.288053 2649.441824
1.291195 2668.119699
1.294336 2685.861322
1.297478 2702.342316
1.300619 2717.216660
1.303761 2730.158151
1.306903 2740.826020
1.310044 2748.882388
1.313186 2753.996713
1.316327 2755.830208
1.319469 2754.048368
1.322611 2748.314306
1.325752 2738.296167
1.328894 2723.651898
1.332035 2704.055292
1.335177 2679.158195
1.338318 2648.640926
1.341460 2612.148379
1.344602 2569.353593
1.347743 2519.937631
1.350885 2463.533355
1.354026 2399.841136
1.357168 2328.484746
1.360310 2249.147519
1.363451 2161.522949
1.366593 2065.219568
1.369734 1959.963147
1.372876 1845.350990
1.376018 1721.079397
1.379159 1586.856966
1.382301 1442.262557
1.385442 1287.052680
1.388584 1120.792832
1.391726 943.194950
1.394867 753.985404
