0.003142 48317.975681
0.006283 46677.767071
0.009425 45078.401178
0.012566 43520.386202
0.015708 42002.220020
0.018850 40523.894924
0.021991 39085.352490
0.025133 37685.166666
0.028274 36323.718867
0.031416 34999.632132
0.034558 33712.835766
0.037699 32463.211603
0.040841 31249.453887
0.043982 30071.825361
0.047124 28929.066110
0.050265 27821.393686
0.053407 26747.592716
0.056549 25707.511144
0.059690 24700.953987
0.062832 23726.770258
0.065973 22785.070204
0.069115 21874.744133
0.072257 20995.586743
0.075398 20147.353051
0.078540 19328.992881
0.081681 18540.517292
0.084823 17780.914158
0.087965 17049.928987
0.091106 16347.270856
0.094248 15671.982283
0.097389 15023.983256
0.100531 14402.351096
0.103673 13806.786181
0.106814 13236.955708
0.109956 12691.986768
0.113097 12171.716399
0.116239 11675.303251
0.119381 11202.406630
0.122522 10752.655910
0.125664 10325.254642
0.128805 9919.965027
0.131947 9536.013012
0.135088 9173.071658
0.138230 8830.307808
0.141372 8507.237777
0.144513 8203.352809
0.147655 7917.857040
0.150796 7650.330085
0.153938 7399.999230
0.157080 7166.349933
0.160221 6948.846417
0.163363 6746.747819
0.166504 6559.580670
0.169646 6386.623423
0.172788 6227.335474
0.175929 6081.158815
0.179071 5947.398002
0.182212 5825.536064
0.185354 5714.893039
0.188496 5614.907050
0.191637 5525.002655
0.194779 5444.520240
0.197920 5372.908920
0.201062 5309.520730
0.204204 5253.777315
0.207345 5205.090590
0.210487 5162.827185
0.213628 5126.411889
0.216770 5095.219147
0.219911 5068.666699
0.223053 5046.135270
0.226195 5027.031489
0.229336 5010.757624
0.232478 4996.700942
0.235619 4984.268278
0.238761 4972.849347
0.241903 4961.845804
0.245044 4950.658775
0.248186 4938.678767
0.251327 4925.311294
0.254469 4909.945474
0.257611 4891.994249
0.260752 4871.203564
0.263894 4847.670569
0.267035 4821.540401
0.270177 4792.926633
0.273319 4761.967421
0.276460 4728.803909
0.279602 4693.545192
0.282743 4656.343868
0.285885 4617.306461
0.289027 4576.574758
0.292168 4534.292700
0.295310 4490.563576
0.298451 4445.545377
0.301593 4399.339650
0.304734 4352.105962
0.307876 4303.944449
0.311018 4255.000236
0.314159 4205.419444
0.317301 4155.300713
0.320442 4104.806102
0.323584 4054.033671
0.326726 4003.129686
0.329867 3952.240581
0.333009 3901.464164
0.336150 3850.962912
0.339292 3800.834880
0.342434 3751.226440
0.345575 3702.283304
0.348717 3654.104517
0.351858 3606.850904
0.355000 3560.622589
0.358142 3515.565012
0.361283 3471.822124
0.364425 3429.496286
0.367566 3388.744594
0.370708 3349.671312
0.373850 3312.419914
0.376991 3277.131558
0.380133 3243.913984
0.383274 3212.918285
0.386416 3184.197936
0.389557 3157.711063
0.392699 3133.361491
0.395841 3111.078669
0.398982 3090.789415
0.402124 3072.401500
0.405265 3055.847350
0.408407 3041.037112
0.411549 3027.897012
0.414690 3016.351147
0.417832 3006.312855
0.420973 2997.709246
0.424115 2990.455531
0.427257 2984.475341
0.430398 2979.690684
0.433540 2976.019202
0.436681 2973.383954
0.439823 2971.703950
0.442965 2970.900858
0.446106 2970.895228
0.449248 2971.607745
0.452389 2972.958677
0.455531 2974.869573
0.458673 2977.260768
0.461814 2980.051984
0.464956 2983.165688
0.468097 2986.520619
0.471239 2990.039603
0.474380 2993.641121
0.477522 2997.248154
0.480664 3000.780233
0.483805 3004.156983
0.486947 3007.301243
0.490088 3010.131732
0.493230 3012.570942
0.496372 3014.538584
0.499513 3015.954972
0.502655 3016.741695
0.505796 3016.818975
0.508938 3016.107550
0.512080 3014.542384
0.515221 3012.135470
0.518363 3008.921262
0.521504 3004.937793
0.524646 3000.218530
0.527788 2994.800634
0.530929 2988.722151
0.534071 2982.015216
0.537212 2974.720085
0.540354 2966.868115
0.543496 2958.497549
0.546637 2949.647290
0.549779 2940.347705
0.552920 2930.640702
0.556062 2920.556102
0.559203 2910.136311
0.562345 2899.410698
0.565487 2888.418541
0.568628 2877.199456
0.571770 2865.782303
0.574911 2854.210336
0.578053 2842.512190
0.581195 2830.727537
0.584336 2818.896162
0.587478 2807.046533
0.590619 2795.222180
0.593761 2783.451577
0.596903 2771.774507
0.600044 2760.230631
0.603186 2748.848604
0.606327 2737.671656
0.609469 2726.728674
0.612611 2716.059262
0.615752 2705.702678
0.618894 2695.688328
0.622035 2686.058576
0.625177 2676.843292
0.628319 2668.081617
0.631460 2659.812114
0.634602 2652.065520
0.637743 2644.880394
0.640885 2638.255094
0.644026 2632.175299
0.647168 2626.618151
0.650310 2621.566679
0.653451 2617.003270
0.656593 2612.906031
0.659734 2609.258593
0.662876 2606.039645
0.666018 2603.231428
0.669159 2600.815659
0.672301 2598.771814
0.675442 2597.082215
0.678584 2595.726800
0.681726 2594.687170
0.684867 2593.944525
0.688009 2593.479405
0.691150 2593.273129
0.694292 2593.306578
0.697434 2593.560867
0.700575 2594.016828
0.703717 2594.655767
0.706858 2595.458296
0.710000 2596.405942
0.713142 2597.479482
0.716283 2598.659533
0.719425 2599.927861
0.722566 2601.264679
0.725708 2602.651854
0.728849 2604.069522
0.731991 2605.499600
0.735133 2606.922650
0.738274 2608.319241
0.741416 2609.671276
0.744557 2610.958916
0.747699 2612.163994
0.750841 2613.267097
0.753982 2614.248943
0.757124 2615.091171
0.760265 2615.774265
0.763407 2616.279874
0.766549 2616.598684
0.769690 2616.735513
0.772832 2616.696354
0.775973 2616.487130
0.779115 2616.113611
0.782257 2615.581743
0.785398 2614.897671
0.788540 2614.066863
0.791681 2613.095747
0.794823 2611.989610
0.797965 2610.754641
0.801106 2609.397198
0.804248 2607.922319
0.807389 2606.336843
0.810531 2604.645663
0.813672 2602.855757
0.816814 2600.971888
0.819956 2599.000516
0.823097 2596.948209
0.826239 2594.819565
0.829380 2592.621840
0.832522 2590.359536
0.835664 2588.039247
0.838805 2585.667641
0.841947 2583.249110
0.845088 2580.791095
0.848230 2578.297933
0.851372 2575.776306
0.854513 2573.232931
0.857655 2570.672091
0.860796 2568.101317
0.863938 2565.524875
0.867080 2562.949487
0.870221 2560.381874
0.873363 2557.826302
0.876504 2555.290300
0.879646 2552.778156
0.882788 2550.296584
0.885929 2547.852263
0.889071 2545.449536
0.892212 2543.095174
0.895354 2540.790897
0.898495 2538.541009
0.901637 2536.346913
0.904779 2534.212173
0.907920 2532.140276
0.911062 2530.132740
0.914203 2528.193678
0.917345 2526.324693
0.920487 2524.529252
0.923628 2522.810726
0.926770 2521.170859
0.929911 2519.613530
0.933053 2518.140585
0.936195 2516.755370
0.939336 2515.461122
0.942478 2514.259852
0.945619 2513.155162
0.948761 2512.149185
0.951903 2511.245126
0.955044 2510.446060
0.958186 2509.754316
0.961327 2509.173171
0.964469 2508.705090
0.967611 2508.353115
0.970752 2508.120139
0.973894 2508.008850
0.977035 2508.022154
0.980177 2508.162899
0.983319 2508.433936
0.986460 2508.837955
0.989602 2509.378049
0.992743 2510.056710
0.995885 2510.877208
0.999026 2511.841856
1.002168 2512.954106
1.005310 2514.216511
1.008451 2515.631434
1.011593 2517.202614
1.014734 2518.931886
1.017876 2520.821516
1.021018 2522.860472
1.024159 2525.032569
1.027301 2527.323699
1.030442 2529.716918
1.033584 2532.198261
1.036726 2534.751487
1.039867 2537.360263
1.043009 2540.010759
1.046150 2542.685804
1.049292 2545.371612
1.052434 2548.051839
1.055575 2550.710149
1.058717 2553.332745
1.061858 2555.902472
1.065000 2558.405478
1.068142 2560.825439
1.071283 2563.146140
1.074425 2565.353567
1.077566 2567.430833
1.080708 2569.363768
1.083849 2571.135659
1.086991 2572.732143
1.090133 2574.137136
1.093274 2575.334795
1.096416 2576.310393
1.099557 2577.047825
1.102699 2577.532070
1.105841 2577.747360
1.108982 2577.678269
1.112124 2577.309263
1.115265 2576.625092
1.118407 2575.609831
1.121549 2574.248151
1.124690 2572.525166
1.127832 2570.424288
1.130973 2567.931370
1.134115 2565.029335
1.137257 2561.703418
1.140398 2557.939394
1.143540 2553.721095
1.146681 2549.069624
1.149823 2544.029039
1.152965 2538.648780
1.156106 2532.978720
1.159248 2527.063262
1.162389 2520.954165
1.165531 2514.695551
1.168672 2508.339399
1.171814 2501.929675
1.174956 2495.516415
1.178097 2489.149660
1.181239 2482.873370
1.184380 2476.739533
1.187522 2470.792257
1.190664 2465.081546
1.193805 2459.657103
1.196947 2454.563487
1.200088 2449.851934
1.203230 2445.567457
1.206372 2441.759646
1.209513 2438.477484
1.212655 2435.766894
1.215796 2433.677594
1.218938 2432.256268
1.222080 2431.551709
1.225221 2431.611796
1.228363 2432.484583
1.231504 2434.217506
1.234646 2436.859681
1.237788 2440.458725
1.240929 2445.061032
1.244071 2450.717546
1.247212 2457.472660
1.250354 2465.378689
1.253495 2474.478593
1.256637 2484.826181
1.259779 2496.466774
1.262920 2509.444049
1.266062 2523.814282
1.269203 2539.615034
1.272345 2556.777436
1.275487 2574.988335
1.278628 2593.908850
1.281770 2613.218335
1.284911 2632.571948
1.288053 2651.649319
1.291195 2670.111498
1.294336 2687.620314
1.297478 2703.854225
1.300619 2718.470346
1.303761 2731.145291
1.306903 2741.541351
1.310044 2749.323720
1.313186 2754.164661
1.316327 2755.728540
1.319469 2753.683662
1.322611 2747.696208
1.325752 2737.437379
1.328894 2722.567952
1.332035 2702.764840
1.335177 2677.682742
1.338318 2647.005071
1.341460 2610.379602
1.344602 2567.482410
1.347743 2517.997558
1.350885 2461.560842
1.354026 2397.875637
1.357168 2326.568698
1.360310 2247.326346
1.363451 2159.845003
1.366593 2063.736274
1.369734 1958.728784
1.372876 1844.422978
1.376018 1720.518069
1.379159 1586.725486
1.382301 1442.627346
1.385442 1287.982823
1.388584 1122.360754
1.391726 945.475890
1.394867 757.057318
