0.003142 51430.032026
0.006283 49115.143938
0.009425 46890.912929
0.012566 44756.695285
0.015708 42709.071669
0.018850 40746.674720
0.021991 38868.028584
0.025133 37069.876659
0.028274 35351.304013
0.031416 33709.155968
0.034558 32141.931194
0.037699 30648.032986
0.040841 29224.449723
0.043982 27870.028050
0.047124 26581.845157
0.050265 25358.661499
0.053407 24197.637832
0.056549 23097.112814
0.059690 22055.348087
0.062832 21069.619926
0.065973 20138.496261
0.069115 19259.323813
0.072257 18430.346619
0.075398 17649.744814
0.078540 16914.960965
0.081681 16224.403266
0.084823 15575.571619
0.087965 14966.631829
0.091106 14395.698921
0.094248 13860.348963
0.097389 13358.863207
0.100531 12888.861940
0.103673 12448.449134
0.106814 12035.691096
0.109956 11648.264612
0.113097 11284.356771
0.116239 10941.675465
0.119381 10618.279224
0.122522 10312.202031
0.125664 10021.188600
0.128805 9743.364650
0.131947 9476.609264
0.135088 9220.242526
0.138230 8973.850724
0.141372 8737.272720
0.144513 8510.334884
0.147655 8292.648397
0.150796 8084.107608
0.153938 7884.335414
0.157080 7693.155255
0.160221 7510.379637
0.163363 7335.647858
0.166504 7168.826928
0.169646 7009.566307
0.172788 6857.675958
0.175929 6712.956465
0.179071 6575.071361
0.182212 6443.864198
0.185354 6319.007114
0.188496 6200.298540
0.191637 6087.529082
0.194779 5980.382615
0.197920 5878.683128
0.201062 5782.121546
0.204204 5690.486712
0.207345 5603.561197
0.210487 5521.045333
0.213628 5442.747431
0.216770 5368.373315
0.219911 5297.726113
0.223053 5230.516521
0.226195 5166.523225
0.229336 5105.520816
0.232478 5047.226131
0.235619 4991.432063
0.238761 4937.858767
0.241903 4886.280003
0.245044 4836.466995
0.248186 4788.143707
0.251327 4741.096682
0.254469 4695.051644
0.257611 4649.783204
0.260752 4605.174980
0.263894 4561.192046
0.267035 4517.862488
0.270177 4475.158804
0.273319 4433.094982
0.276460 4391.684192
0.279602 4350.900156
0.282743 4310.768924
0.285885 4271.265031
0.289027 4232.401446
0.292168 4194.190321
0.295310 4156.607415
0.298451 4119.676741
0.301593 4083.374871
0.304734 4047.725004
0.307876 4012.704528
0.311018 3978.324984
0.314159 3944.597099
0.317301 3911.499485
0.320442 3879.053299
0.323584 3847.237971
0.326726 3816.064023
0.329867 3785.541158
0.333009 3755.650032
0.336150 3726.409760
0.339292 3697.801813
0.342434 3669.835691
0.345575 3642.520079
0.348717 3615.837673
0.351858 3589.805546
0.355000 3564.407211
0.358142 3539.651149
0.361283 3515.545021
0.364425 3492.073567
0.367566 3469.251817
0.370708 3447.065328
0.373850 3425.521557
0.376991 3404.627145
0.380133 3384.368875
0.383274 3364.759717
0.386416 3345.782864
0.389557 3327.435767
0.392699 3309.690625
0.395841 3292.537259
0.398982 3275.964734
0.402124 3259.946381
0.405265 3244.476288
0.408407 3229.528486
0.411549 3215.091867
0.414690 3201.154670
0.417832 3187.691905
0.420973 3174.696031
0.424115 3162.142656
0.427257 3150.019872
0.430398 3138.315219
0.433540 3127.005128
0.436681 3116.080689
0.439823 3105.518830
0.442965 3095.306968
0.446106 3085.432075
0.449248 3075.871746
0.452389 3066.615958
0.455531 3057.642702
0.458673 3048.938849
0.461814 3040.490931
0.464956 3032.277453
0.468097 3024.287532
0.471239 3016.499965
0.474380 3008.903600
0.477522 3001.477483
0.480664 2994.207941
0.483805 2987.081103
0.486947 2980.076314
0.490088 2973.181922
0.493230 2966.377423
0.496372 2959.648907
0.499513 2952.982367
0.502655 2946.357442
0.505796 2939.762241
0.508938 2933.176447
0.512080 2926.588429
0.515221 2919.999110
0.518363 2913.407232
0.521504 2906.819933
0.524646 2900.235959
0.527788 2893.660350
0.530929 2887.098136
0.534071 2880.548079
0.537212 2874.017289
0.540354 2867.504550
0.543496 2861.014885
0.546637 2854.553289
0.549779 2848.118590
0.552920 2841.717823
0.556062 2835.349855
0.559203 2829.021679
0.562345 2822.732207
0.565487 2816.486403
0.568628 2810.289174
0.571770 2804.139515
0.574911 2798.044280
0.578053 2792.002532
0.581195 2786.019159
0.584336 2780.098981
0.587478 2774.241168
0.590619 2768.452389
0.593761 2762.731900
0.596903 2757.084498
0.600044 2751.514884
0.603186 2746.022454
0.606327 2740.613645
0.609469 2735.287954
0.612611 2730.050058
0.615752 2724.904523
0.618894 2719.851014
0.622035 2714.895688
0.625177 2710.038331
0.628319 2705.283479
0.631460 2700.635536
0.634602 2696.094485
0.637743 2691.665972
0.640885 2687.347534
0.644026 2683.140603
0.647168 2679.041143
0.650310 2675.049159
0.653451 2671.164514
0.656593 2667.383381
0.659734 2663.706813
0.662876 2660.131114
0.666018 2656.656118
0.669159 2653.281527
0.672301 2650.003839
0.675442 2646.823786
0.678584 2643.737989
0.681726 2640.746121
0.684867 2637.847735
0.688009 2635.039632
0.691150 2632.322245
0.694292 2629.692490
0.697434 2627.149891
0.700575 2624.693862
0.703717 2622.321484
0.706858 2620.032915
0.710000 2617.825342
0.713142 2615.698153
0.716283 2613.650631
0.719425 2611.680120
0.722566 2609.786520
0.725708 2607.967270
0.728849 2606.222174
0.731991 2604.548768
0.735133 2602.946263
0.738274 2601.413783
0.741416 2599.948996
0.744557 2598.551481
0.747699 2597.218995
0.750841 2595.950638
0.753982 2594.745428
0.757124 2593.601245
0.760265 2592.517463
0.763407 2591.492019
0.766549 2590.523026
0.769690 2589.607281
0.772832 2588.740619
0.775973 2587.920011
0.779115 2587.141356
0.782257 2586.401338
0.785398 2585.696594
0.788540 2585.023095
0.791681 2584.377690
0.794823 2583.756385
0.797965 2583.155810
0.801106 2582.572564
0.804248 2582.002695
0.807389 2581.442987
0.810531 2580.889502
0.813672 2580.339011
0.816814 2579.787584
0.819956 2579.231813
0.823097 2578.668298
0.826239 2578.093099
0.829380 2577.503001
0.832522 2576.894048
0.835664 2576.262843
0.838805 2575.606017
0.841947 2574.919571
0.845088 2574.200362
0.848230 2573.444350
0.851372 2572.648178
0.854513 2571.808537
0.857655 2570.921312
0.860796 2569.983488
0.863938 2568.990885
0.867080 2567.940213
0.870221 2566.828253
0.873363 2565.650716
0.876504 2564.404772
0.879646 2563.086046
0.882788 2561.691342
0.885929 2560.217559
0.889071 2558.660179
0.892212 2557.019120
0.895354 2555.299904
0.898495 2553.511644
0.901637 2551.661224
0.904779 2549.757226
0.907920 2547.808300
0.911062 2545.821228
0.914203 2543.805292
0.917345 2541.767231
0.920487 2539.715706
0.923628 2537.659395
0.926770 2535.605011
0.929911 2533.561880
0.933053 2531.536722
0.936195 2529.538215
0.939336 2527.575000
0.942478 2525.653849
0.945619 2523.784003
0.948761 2521.972293
0.951903 2520.227348
0.955044 2518.557709
0.958186 2516.970335
0.961327 2515.474255
0.964469 2514.076538
0.967611 2512.785700
0.970752 2511.610118
0.973894 2510.557066
0.977035 2509.635233
0.980177 2508.852053
0.983319 2508.215866
0.986460 2507.734821
0.989602 2507.416636
0.992743 2507.269531
0.995885 2507.301433
0.999026 2507.520340
1.002168 2507.934415
1.005310 2508.551641
1.008451 2509.379743
1.011593 2510.427272
1.014734 2511.701578
1.017876 2513.209075
1.021018 2514.938126
1.024159 2516.869629
1.027301 2518.986335
1.030442 2521.268425
1.033584 2523.698874
1.036726 2526.258497
1.039867 2528.927946
1.043009 2531.690441
1.046150 2534.525754
1.049292 2537.417210
1.052434 2540.345435
1.055575 2543.291006
1.058717 2546.237320
1.061858 2549.164030
1.065000 2552.054523
1.068142 2554.889378
1.071283 2557.649246
1.074425 2560.317408
1.077566 2562.873693
1.080708 2565.301250
1.083849 2567.580064
1.086991 2569.693107
1.090133 2571.621145
1.093274 2573.345181
1.096416 2574.847832
1.099557 2576.109673
1.102699 2577.113027
1.105841 2577.838971
1.108982 2578.268932
1.112124 2578.384707
1.115265 2578.167750
1.118407 2577.599445
1.121549 2576.661323
1.124690 2575.335387
1.127832 2573.602313
1.130973 2571.444735
1.134115 2568.842799
1.137257 2565.778641
1.140398 2562.234983
1.143540 2558.192945
1.146681 2553.673235
1.149823 2548.721988
1.152965 2543.390669
1.156106 2537.731227
1.159248 2531.790146
1.162389 2525.621272
1.165531 2519.270766
1.168672 2512.792733
1.171814 2506.233138
1.174956 2499.644123
1.178097 2493.077872
1.181239 2486.580290
1.184380 2480.205578
1.187522 2473.999765
1.190664 2468.015002
1.193805 2462.303159
1.196947 2456.910685
1.200088 2451.891080
1.203230 2447.291234
1.206372 2443.162906
1.209513 2439.557256
1.212655 2436.522076
1.215796 2434.109363
1.218938 2432.367667
1.222080 2431.347959
1.225221 2431.100289
1.228363 2431.674586
1.231504 2433.120551
1.234646 2435.489190
1.237788 2438.830286
1.240929 2443.192381
1.244071 2448.628340
1.247212 2455.184768
1.250354 2462.915927
1.253495 2471.866961
1.256637 2482.093656
1.259779 2493.643461
1.262920 2506.562138
1.266062 2520.908000
1.269203 2536.720680
1.272345 2553.931729
1.275487 2572.225415
1.278628 2591.259912
1.281770 2610.711746
1.284911 2630.233085
1.288053 2649.500764
1.291195 2668.172879
1.294336 2685.908286
1.297478 2702.382683
1.300619 2717.250133
1.303761 2730.184508
1.306903 2740.845119
1.310044 2748.894171
1.313186 2754.001197
1.316327 2755.827494
1.319469 2754.038630
1.322611 2748.297803
1.325752 2738.273237
1.328894 2723.622957
1.332035 2704.020837
1.335177 2679.118801
1.338318 2648.597249
1.341460 2612.101153
1.344602 2569.303633
1.347743 2519.885832
1.350885 2463.480689
1.354026 2399.788658
1.357168 2328.433588
1.360310 2249.098894
1.363451 2161.478148
1.366593 2065.179965
1.369734 1959.930190
1.372876 1845.326212
1.376018 1721.064410
1.379159 1586.853456
1.382301 1442.272297
1.385442 1287.077514
1.388584 1120.834695
1.391726 943.255850
1.394867 754.067423
