0.003142 50834.997266
0.006283 48650.001963
0.009425 46546.161056
0.012566 44523.047879
0.015708 42577.607648
0.018850 40708.730057
0.021991 38915.207340
0.025133 37194.130899
0.028274 35544.830428
0.031416 33964.489162
0.034558 32451.876380
0.037699 31005.675143
0.040841 29623.198009
0.043982 28303.559139
0.047124 27044.151677
0.050265 25844.011447
0.053407 24700.607682
0.056549 23612.564694
0.059690 22578.436321
0.062832 21595.797503
0.065973 20663.507890
0.069115 19779.207267
0.072257 18941.433264
0.075398 18148.664283
0.078540 17398.628949
0.081681 16690.038848
0.084823 16020.676207
0.087965 15389.006028
0.091106 14793.445336
0.094248 14231.848324
0.097389 13702.806632
0.100531 13204.216811
0.103673 12734.485296
0.106814 12291.981787
0.109956 11874.657937
0.113097 11481.013550
0.116239 11109.031389
0.119381 10757.073377
0.122522 10423.475948
0.125664 10106.260099
0.128805 9803.861912
0.131947 9514.415661
0.135088 9237.310786
0.138230 8972.056969
0.141372 8718.435347
0.144513 8476.212252
0.147655 8244.924514
0.150796 8024.410552
0.153938 7814.221022
0.157080 7614.118798
0.160221 7423.853915
0.163363 7242.996288
0.166504 7071.352235
0.169646 6908.503529
0.172788 6754.197240
0.175929 6608.169564
0.179071 6470.018585
0.182212 6339.523436
0.185354 6216.292092
0.188496 6100.058275
0.191637 5990.546802
0.194779 5887.379008
0.197920 5790.311759
0.201062 5698.974313
0.204204 5613.089505
0.207345 5532.373231
0.210487 5456.465159
0.213628 5385.104805
0.216770 5317.937794
0.219911 5254.698077
0.223053 5195.036452
0.226195 5138.664640
0.229336 5085.290176
0.232478 5034.570138
0.235619 4986.228008
0.238761 4939.924068
0.241903 4895.365053
0.245044 4852.255474
0.248186 4810.258946
0.251327 4769.093398
0.254469 4728.423681
0.257611 4687.959183
0.260752 4647.558026
0.263894 4607.207657
0.267035 4566.955877
0.270177 4526.799183
0.273319 4486.772539
0.276460 4446.910741
0.279602 4407.210536
0.282743 4367.719312
0.285885 4328.434051
0.289027 4289.389491
0.292168 4250.620063
0.295310 4212.123210
0.298451 4173.945554
0.301593 4136.084912
0.304734 4098.587503
0.307876 4061.451577
0.311018 4024.711263
0.314159 3988.400186
0.317301 3952.517352
0.320442 3917.107719
0.323584 3882.170869
0.326726 3847.740282
0.329867 3813.848795
0.333009 3780.496955
0.336150 3747.728110
0.339292 3715.543522
0.342434 3683.975849
0.345575 3653.056964
0.348717 3622.789307
0.351858 3593.214261
0.355000 3564.335123
0.358142 3536.183552
0.361283 3508.790280
0.364425 3482.159992
0.367566 3456.331757
0.370708 3431.311257
0.373850 3407.128975
0.376991 3383.814327
0.380133 3361.374596
0.383274 3339.846135
0.386416 3319.224095
0.389557 3299.499427
0.392699 3280.632930
0.395841 3262.604378
0.398982 3245.392477
0.402124 3228.959627
0.405265 3213.289661
0.408407 3198.345961
0.411549 3184.106987
0.414690 3170.550303
0.417832 3157.640638
0.420973 3145.359580
0.424115 3133.672669
0.427257 3122.557267
0.430398 3111.990007
0.433540 3101.937519
0.436681 3092.379575
0.439823 3083.283449
0.442965 3074.625613
0.446106 3066.381981
0.449248 3058.520666
0.452389 3051.020042
0.455531 3043.848693
0.458673 3036.982417
0.461814 3030.396620
0.464956 3024.060471
0.468097 3017.951373
0.471239 3012.038796
0.474380 3006.299876
0.477522 3000.704317
0.480664 2995.227328
0.483805 2989.843961
0.486947 2984.524150
0.490088 2979.244652
0.493230 2973.975466
0.496372 2968.691630
0.499513 2963.368201
0.502655 2957.975149
0.505796 2952.489280
0.508938 2946.880459
0.512080 2941.128161
0.515221 2935.235133
0.518363 2929.206041
0.521504 2923.053143
0.524646 2916.780945
0.527788 2910.399812
0.530929 2903.920248
0.534071 2897.346549
0.537212 2890.691322
0.540354 2883.958751
0.543496 2877.159369
0.546637 2870.303792
0.549779 2863.396078
0.552920 2856.449045
0.556062 2849.466692
0.559203 2842.461884
0.562345 2835.438584
0.565487 2828.407445
0.568628 2821.379129
0.571770 2814.357585
0.574911 2807.355701
0.578053 2800.377443
0.581195 2793.433470
0.584336 2786.534395
0.587478 2779.684249
0.590619 2772.895813
0.593761 2766.173188
0.596903 2759.526970
0.600044 2752.967660
0.603186 2746.499504
0.606327 2740.135039
0.609469 2733.878636
0.612611 2727.740765
0.615752 2721.731743
0.618894 2715.856167
0.622035 2710.126197
0.625177 2704.546608
0.628319 2699.127673
0.631460 2693.879463
0.634602 2688.807057
0.637743 2683.921560
0.640885 2679.220648
0.644026 2674.703142
0.647168 2670.361890
0.650310 2666.194082
0.653451 2662.196689
0.656593 2658.362890
0.659734 2654.690853
0.662876 2651.173964
0.666018 2647.809140
0.669159 2644.593108
0.672301 2641.519544
0.675442 2638.586130
0.678584 2635.786725
0.681726 2633.118008
0.684867 2630.576491
0.688009 2628.156282
0.691150 2625.854648
0.694292 2623.665848
0.697434 2621.586357
0.700575 2619.612511
0.703717 2617.738779
0.706858 2615.962079
0.710000 2614.277005
0.713142 2612.679862
0.716283 2611.166842
0.719425 2609.732707
0.722566 2608.374096
0.725708 2607.085870
0.728849 2605.864574
0.731991 2604.705157
0.735133 2603.603741
0.738274 2602.556375
0.741416 2601.558117
0.744557 2600.605329
0.747699 2599.693130
0.750841 2598.817553
0.753982 2597.974587
0.757124 2597.159418
0.760265 2596.368294
0.763407 2595.596452
0.766549 2594.840775
0.769690 2594.099389
0.772832 2593.369810
0.775973 2592.650494
0.779115 2591.938972
0.782257 2591.233464
0.785398 2590.532180
0.788540 2589.832664
0.791681 2589.133352
0.794823 2588.431788
0.797965 2587.726183
0.801106 2587.014753
0.804248 2586.295036
0.807389 2585.565479
0.810531 2584.823607
0.813672 2584.067884
0.816814 2583.295817
0.819956 2582.505633
0.823097 2581.695582
0.826239 2580.863139
0.829380 2580.006823
0.832522 2579.124079
0.835664 2578.213164
0.838805 2577.272372
0.841947 2576.299092
0.845088 2575.291935
0.848230 2574.248249
0.851372 2573.166338
0.854513 2572.044555
0.857655 2570.880174
0.860796 2569.671928
0.863938 2568.417035
0.867080 2567.113864
0.870221 2565.760841
0.873363 2564.355094
0.876504 2562.895509
0.879646 2561.379146
0.882788 2559.804449
0.885929 2558.169938
0.889071 2556.472562
0.892212 2554.713373
0.895354 2552.897265
0.898495 2551.032554
0.901637 2549.125215
0.904779 2547.183001
0.907920 2545.213706
0.911062 2543.223241
0.914203 2541.220031
0.917345 2539.209965
0.920487 2537.200844
0.923628 2535.200467
0.926770 2533.214723
0.929911 2531.252038
0.933053 2529.318324
0.936195 2527.421375
0.939336 2525.568939
0.942478 2523.766998
0.945619 2522.023860
0.948761 2520.345578
0.951903 2518.739882
0.955044 2517.214408
0.958186 2515.775350
0.961327 2514.430782
0.964469 2513.187012
0.967611 2512.051648
0.970752 2511.032161
0.973894 2510.135065
0.977035 2509.368091
0.980177 2508.737913
0.983319 2508.251961
0.986460 2507.917484
0.989602 2507.741429
0.992743 2507.731071
0.995885 2507.893565
0.999026 2508.235968
1.002168 2508.765660
1.005310 2509.489728
1.008451 2510.415009
1.011593 2511.549254
1.014734 2512.898903
1.017876 2514.469682
1.021018 2516.250054
1.024159 2518.221400
1.027301 2520.366991
1.030442 2522.667484
1.033584 2525.106362
1.036726 2527.664927
1.039867 2530.324329
1.043009 2533.068277
1.046150 2535.877050
1.049292 2538.734452
1.052434 2541.621609
1.055575 2544.519610
1.058717 2547.412316
1.061858 2550.279911
1.065000 2553.106236
1.068142 2555.872385
1.071283 2558.559529
1.074425 2561.151393
1.077566 2563.628353
1.080708 2565.974002
1.083849 2568.168870
1.086991 2570.196371
1.090133 2572.037793
1.093274 2573.674661
1.096416 2575.090033
1.099557 2576.265032
1.102699 2577.182422
1.105841 2577.823802
1.108982 2578.171121
1.112124 2578.206616
1.115265 2577.912289
1.118407 2577.269968
1.121549 2576.261705
1.124690 2574.870018
1.127832 2573.076037
1.130973 2570.862926
1.134115 2568.211294
1.137257 2565.103789
1.140398 2561.523638
1.143540 2557.452412
1.146681 2552.910882
1.149823 2547.944841
1.152965 2542.605417
1.156106 2536.944217
1.159248 2531.007379
1.162389 2524.848404
1.165531 2518.513115
1.168672 2512.055266
1.171814 2505.520489
1.174956 2498.960579
1.178097 2492.427364
1.181239 2485.966427
1.184380 2479.631604
1.187522 2473.468605
1.190664 2467.529224
1.193805 2461.864974
1.196947 2456.521991
1.200088 2451.553399
1.203230 2447.005778
1.206372 2442.930527
1.209513 2439.378447
1.212655 2436.397018
1.215796 2434.037862
1.218938 2432.349219
1.222080 2431.381700
1.225221 2431.184994
1.228363 2431.808721
1.231504 2433.302205
1.234646 2435.716142
1.237788 2439.099953
1.240929 2443.501827
1.244071 2448.974310
1.247212 2455.563640
1.250354 2463.323757
1.253495 2472.299444
1.256637 2482.546159
1.259779 2494.110999
1.262920 2507.039380
1.266062 2521.389278
1.269203 2537.199982
1.272345 2554.402975
1.275487 2572.682952
1.278628 2591.698573
1.281770 2611.126835
1.284911 2630.620398
1.288053 2649.856562
1.291195 2668.493913
1.294336 2686.191796
1.297478 2702.626369
1.300619 2717.452199
1.303761 2730.343613
1.306903 2740.960414
1.310044 2748.965304
1.313186 2754.028267
1.316327 2755.811107
1.319469 2753.979848
1.322611 2748.198179
1.325752 2738.134820
1.328894 2723.448250
1.332035 2703.812845
1.335177 2678.880991
1.338318 2648.333586
1.341460 2611.816066
1.344602 2569.002040
1.347743 2519.573136
1.350885 2463.162765
1.354026 2399.471863
1.357168 2328.124764
1.360310 2248.805362
1.363451 2161.207701
1.366593 2064.940891
1.369734 1959.731238
1.372876 1845.176637
1.376018 1720.973937
1.379159 1586.832264
1.382301 1442.331093
1.385442 1287.227432
1.388584 1121.087409
1.391726 943.623487
1.394867 754.562547
