0.003142 48859.044316
0.006283 47100.853722
0.009425 45392.383992
0.012566 43733.933192
0.015708 42123.655547
0.018850 40561.296909
0.021991 39046.542132
0.025133 37577.636938
0.028274 36154.726901
0.031416 34776.116223
0.034558 33441.475141
0.037699 32150.417917
0.040841 30901.332710
0.043982 29694.225172
0.047124 28527.536914
0.050265 27401.221139
0.053407 26313.770904
0.056549 25264.761137
0.059690 24253.717833
0.062832 23279.207447
0.065973 22341.060852
0.069115 21437.890921
0.072257 20569.212045
0.075398 19734.494711
0.078540 18932.417649
0.081681 18162.701971
0.084823 17424.067795
0.087965 16715.975262
0.091106 16037.845635
0.094248 15388.457348
0.097389 14767.434322
0.100531 14173.591354
0.103673 13606.340617
0.106814 13065.060432
0.109956 12548.616373
0.113097 12056.547735
0.116239 11587.751426
0.119381 11141.597936
0.122522 10717.428930
0.125664 10314.184549
0.128805 9931.332036
0.131947 9567.854341
0.135088 9223.364938
0.138230 8897.111344
0.141372 8588.673807
0.144513 8297.609898
0.147655 8023.202023
0.150796 7765.092818
0.153938 7522.585674
0.157080 7295.232915
0.160221 7082.567574
0.163363 6883.921979
0.166504 6698.890539
0.169646 6526.823176
0.172788 6367.248526
0.175929 6219.679320
0.179071 6083.489336
0.182212 5958.233227
0.185354 5843.298978
0.188496 5738.195768
0.191637 5642.420265
0.194779 5555.379223
0.197920 5476.596013
0.201062 5405.488208
0.204204 5341.549770
0.207345 5284.265536
0.210487 5233.066769
0.213628 5187.454023
0.216770 5146.865995
0.219911 5110.796484
0.223053 5078.690262
0.226195 5050.027101
0.229336 5024.282387
0.232478 5000.907467
0.235619 4979.385183
0.238761 4959.169572
0.241903 4939.735349
0.245044 4920.556233
0.248186 4901.087752
0.251327 4880.810264
0.254469 4859.178594
0.257611 4835.676575
0.260752 4810.076065
0.263894 4782.446004
0.267035 4752.906349
0.270177 4721.540703
0.273319 4688.460611
0.276460 4653.779800
0.279602 4617.578600
0.282743 4579.982424
0.285885 4541.069746
0.289027 4500.954757
0.292168 4459.753178
0.295310 4417.541188
0.298451 4374.448026
0.301593 4330.548665
0.304734 4285.973419
0.307876 4240.796317
0.311018 4195.133887
0.314159 4149.103272
0.317301 4102.777578
0.320442 4056.288661
0.323584 4009.709332
0.326726 3963.156810
0.329867 3916.748278
0.333009 3870.556599
0.336150 3824.713546
0.339292 3779.292340
0.342434 3734.410075
0.345575 3690.183160
0.348717 3646.685846
0.351858 3604.048190
0.355000 3562.345456
0.358142 3521.693799
0.361283 3482.208034
0.364425 3443.965434
0.367566 3407.092710
0.370708 3371.668797
0.373850 3337.808096
0.376991 3305.623017
0.380133 3275.195480
0.383274 3246.647055
0.386416 3220.016291
0.389557 3195.269972
0.392699 3172.326820
0.395841 3151.129466
0.398982 3131.618323
0.402124 3113.715445
0.405265 3097.366732
0.408407 3082.496251
0.411549 3069.043911
0.414690 3056.947813
0.417832 3046.134735
0.420973 3036.546062
0.424115 3028.110168
0.427257 3020.764755
0.430398 3014.446139
0.433540 3009.084774
0.436681 3004.618578
0.439823 3000.979184
0.442965 2998.102613
0.446106 2995.923915
0.449248 2994.376178
0.452389 2993.394894
0.455531 2992.913916
0.458673 2992.868101
0.461814 2993.191755
0.464956 2993.819561
0.468097 2994.685626
0.471239 2995.724976
0.474380 2996.871457
0.477522 2998.060275
0.480664 2999.225538
0.483805 3000.301386
0.486947 3001.222981
0.490088 3001.924240
0.493230 3002.340088
0.496372 3002.404723
0.499513 3002.052790
0.502655 3001.218543
0.505796 2999.837017
0.508938 2997.841810
0.512080 2995.179537
0.515221 2991.859743
0.518363 2987.909054
0.521504 2983.358723
0.524646 2978.234605
0.527788 2972.566813
0.530929 2966.386152
0.534071 2959.717438
0.537212 2952.593654
0.540354 2945.039016
0.543496 2937.084480
0.546637 2928.761510
0.549779 2920.093558
0.552920 2911.114880
0.556062 2901.848510
0.559203 2892.329086
0.562345 2882.579298
0.565487 2872.630895
0.568628 2862.515881
0.571770 2852.256566
0.574911 2841.888220
0.578053 2831.432992
0.581195 2820.922925
0.584336 2810.390134
0.587478 2799.856661
0.590619 2789.357952
0.593761 2778.916072
0.596903 2768.563129
0.600044 2758.331119
0.603186 2748.242276
0.606327 2738.331761
0.609469 2728.622017
0.612611 2719.144985
0.615752 2709.932314
0.618894 2701.006887
0.622035 2692.403127
0.625177 2684.144305
0.628319 2676.261971
0.631460 2668.787197
0.634602 2661.743975
0.637743 2655.163644
0.640885 2649.044385
0.644026 2643.375337
0.647168 2638.137775
0.650310 2633.318457
0.653451 2628.903606
0.656593 2624.875299
0.659734 2621.220989
0.662876 2617.923238
0.666018 2614.968147
0.669159 2612.341384
0.672301 2610.026163
0.675442 2608.008848
0.678584 2606.273042
0.681726 2604.804314
0.684867 2603.587895
0.688009 2602.607895
0.691150 2601.849831
0.694292 2601.298106
0.697434 2600.937876
0.700575 2600.754056
0.703717 2600.731414
0.706858 2600.854856
0.710000 2601.109347
0.713142 2601.479751
0.716283 2601.950786
0.719425 2602.507636
0.722566 2603.134840
0.725708 2603.817683
0.728849 2604.540621
0.731991 2605.289001
0.735133 2606.047480
0.738274 2606.800702
0.741416 2607.534031
0.744557 2608.231894
0.747699 2608.879620
0.750841 2609.461863
0.753982 2609.963357
0.757124 2610.369310
0.760265 2610.664353
0.763407 2610.833712
0.766549 2610.869704
0.769690 2610.775386
0.772832 2610.554518
0.775973 2610.211058
0.779115 2609.748607
0.782257 2609.171075
0.785398 2608.482521
0.788540 2607.686325
0.791681 2606.786813
0.794823 2605.787230
0.797965 2604.691668
0.801106 2603.504340
0.804248 2602.228310
0.807389 2600.868207
0.810531 2599.426985
0.813672 2597.909380
0.816814 2596.318245
0.819956 2594.657872
0.823097 2592.932641
0.826239 2591.145273
0.829380 2589.300723
0.832522 2587.401637
0.835664 2585.452415
0.838805 2583.457517
0.841947 2581.419495
0.845088 2579.343463
0.848230 2577.231919
0.851372 2575.089339
0.854513 2572.920238
0.857655 2570.727054
0.860796 2568.515002
0.863938 2566.286492
0.867080 2564.046048
0.870221 2561.798205
0.873363 2559.545352
0.876504 2557.292741
0.879646 2555.042759
0.882788 2552.799942
0.885929 2550.568819
0.889071 2548.351790
0.892212 2546.154117
0.895354 2543.978358
0.898495 2541.829872
0.901637 2539.711267
0.904779 2537.627209
0.907920 2535.582319
0.911062 2533.579270
0.914203 2531.623314
0.917345 2529.717180
0.920487 2527.865475
0.923628 2526.072738
0.926770 2524.341804
0.929911 2522.677748
0.933053 2521.083486
0.936195 2519.563538
0.939336 2518.122325
0.942478 2516.762907
0.945619 2515.490122
0.948761 2514.307137
0.951903 2513.218347
0.955044 2512.228030
0.958186 2511.339530
0.961327 2510.557388
0.964469 2509.885081
0.967611 2509.326853
0.970752 2508.886801
0.973894 2508.568622
0.977035 2508.376493
0.980177 2508.314267
0.983319 2508.386003
0.986460 2508.595589
0.989602 2508.947134
0.992743 2509.444389
0.995885 2510.091646
0.999026 2510.892468
1.002168 2511.851342
1.005310 2512.972013
1.008451 2514.258023
1.011593 2515.714167
1.014734 2517.343491
1.017876 2519.149174
1.021018 2521.120051
1.024159 2523.239294
1.027301 2525.492106
1.030442 2527.860914
1.033584 2530.331077
1.036726 2532.885709
1.039867 2535.507815
1.043009 2538.182916
1.046150 2540.893170
1.049292 2543.624157
1.052434 2546.358865
1.055575 2549.080283
1.058717 2551.773994
1.061858 2554.422146
1.065000 2557.010276
1.068142 2559.521383
1.071283 2561.938563
1.074425 2564.247206
1.077566 2566.429705
1.080708 2568.471301
1.083849 2570.354555
1.086991 2572.064519
1.090133 2573.584416
1.093274 2574.897712
1.096416 2575.989095
1.099557 2576.841732
1.102699 2577.440017
1.105841 2577.767489
1.108982 2577.808032
1.112124 2577.545524
1.115265 2576.963993
1.118407 2576.046920
1.121549 2574.778289
1.124690 2573.142529
1.127832 2571.122452
1.130973 2568.703202
1.134115 2565.867094
1.137257 2562.598681
1.140398 2558.883068
1.143540 2554.703491
1.146681 2550.080966
1.149823 2545.060007
1.152965 2539.690499
1.156106 2534.022771
1.159248 2528.101684
1.162389 2521.979455
1.165531 2515.700654
1.168672 2509.317726
1.171814 2502.875078
1.174956 2496.423207
1.178097 2490.012626
1.181239 2483.687721
1.184380 2477.500968
1.187522 2471.496895
1.190664 2465.725979
1.193805 2460.238399
1.196947 2455.079129
1.200088 2450.299902
1.203230 2445.946143
1.206372 2442.067920
1.209513 2438.714692
1.212655 2435.932795
1.215796 2433.772446
1.218938 2432.280740
1.222080 2431.506948
1.225221 2431.499426
1.228363 2432.306639
1.231504 2433.976521
1.234646 2436.558606
1.237788 2440.100982
1.240929 2444.650518
1.244071 2450.258580
1.247212 2456.970046
1.250354 2464.837659
1.253495 2473.904859
1.256637 2484.225888
1.259779 2495.846537
1.262920 2508.810939
1.266062 2523.175818
1.269203 2538.979190
1.272345 2556.152279
1.275487 2574.381365
1.278628 2593.326920
1.281770 2612.667677
1.284911 2632.058136
1.288053 2651.177316
1.291195 2669.685614
1.294336 2687.244209
1.297478 2703.530951
1.300619 2718.202285
1.303761 2730.934222
1.306903 2741.388400
1.310044 2749.229355
1.313186 2754.128751
1.316327 2755.750279
1.319469 2753.761643
1.322611 2747.828369
1.325752 2737.621004
1.328894 2722.799720
1.332035 2703.040763
1.335177 2677.998221
1.338318 2647.354847
1.341460 2610.757799
1.344602 2567.882504
1.347743 2518.412382
1.350885 2461.982602
1.354026 2398.295897
1.357168 2326.978385
1.360310 2247.715747
1.363451 2160.203779
1.366593 2064.053430
1.369734 1958.992713
1.372876 1844.621404
1.376018 1720.638091
1.379159 1586.753599
1.382301 1442.549348
1.385442 1287.783941
1.388584 1122.025503
1.391726 944.988183
1.394867 756.400485
