0.003142 51390.692401
0.006283 49084.553258
0.009425 46868.429821
0.012566 44741.693045
0.015708 42700.948195
0.018850 40744.845274
0.021991 38871.926537
0.025133 37078.958866
0.028274 35365.043860
0.031416 33727.049646
0.034558 32163.493172
0.037699 30672.796630
0.040841 29251.970276
0.043982 27899.878829
0.047124 26613.620803
0.050265 25391.975259
0.053407 24232.123769
0.056549 23132.424285
0.059690 22091.158186
0.062832 21105.621900
0.065973 20174.403068
0.069115 19294.868188
0.072257 18465.281126
0.075398 17683.842163
0.078540 16948.013170
0.081681 16256.222838
0.084823 15605.990121
0.087965 14995.501033
0.091106 14422.890995
0.094248 13885.754846
0.097389 13382.394803
0.100531 12910.449802
0.103673 12468.044240
0.106814 12053.264914
0.109956 11663.807162
0.113097 11297.879197
0.116239 10953.207462
0.119381 10627.870979
0.122522 10319.924155
0.125664 10027.130352
0.128805 9747.636253
0.131947 9479.338166
0.135088 9221.560863
0.138230 8973.885451
0.141372 8736.146897
0.144513 8508.167516
0.147655 8289.553463
0.150796 8080.195315
0.153938 7879.711082
0.157080 7687.920117
0.160221 7504.630707
0.163363 7329.477460
0.166504 7162.323291
0.169646 7002.813081
0.172788 6850.752550
0.175929 6705.937933
0.179071 6568.028337
0.182212 6436.862970
0.185354 6312.109628
0.188496 6193.562375
0.191637 6081.007375
0.194779 5974.124275
0.197920 5872.732532
0.201062 5776.518903
0.204204 5685.267774
0.207345 5598.757213
0.210487 5516.683453
0.213628 5438.850159
0.216770 5364.959087
0.219911 5294.808693
0.223053 5228.105628
0.226195 5164.624053
0.229336 5104.134030
0.232478 5046.348359
0.235619 4991.055246
0.238761 4937.970799
0.241903 4886.864253
0.245044 4837.502325
0.248186 4789.604901
0.251327 4742.953891
0.254469 4697.270908
0.257611 4652.326153
0.260752 4608.001522
0.263894 4564.263588
0.267035 4521.141760
0.270177 4478.610150
0.273319 4436.684151
0.276460 4395.378386
0.279602 4354.668122
0.282743 4314.580840
0.285885 4275.092585
0.289027 4236.217785
0.292168 4197.970088
0.295310 4160.326709
0.298451 4123.313176
0.301593 4086.907492
0.304734 4051.134396
0.307876 4015.972680
0.311018 3981.435400
0.314159 3947.534819
0.317301 3914.250920
0.320442 3881.606456
0.323584 3849.582211
0.326726 3818.190246
0.329867 3787.441819
0.333009 3757.318920
0.336150 3727.842291
0.339292 3698.994731
0.342434 3670.787296
0.345575 3643.230226
0.348717 3616.307543
0.351858 3590.037951
0.355000 3564.406292
0.358142 3539.422602
0.361283 3515.096091
0.364425 3491.412838
0.367566 3468.389486
0.370708 3446.012943
0.373850 3424.292214
0.376991 3403.235464
0.380133 3382.830857
0.383274 3363.092929
0.386416 3344.005678
0.389557 3325.566118
0.392699 3307.745686
0.395841 3290.533529
0.398982 3273.918018
0.402124 3257.871751
0.405265 3242.388129
0.408407 3227.440470
0.411549 3213.016967
0.414690 3199.105143
0.417832 3185.679319
0.420973 3172.731227
0.424115 3160.235800
0.427257 3148.180409
0.430398 3136.551864
0.433540 3125.325941
0.436681 3114.492971
0.439823 3104.029233
0.442965 3093.921412
0.446106 3084.155740
0.449248 3074.709176
0.452389 3065.570919
0.455531 3056.718330
0.458673 3048.137538
0.461814 3039.814330
0.464956 3031.726583
0.468097 3023.862633
0.471239 3016.200649
0.474380 3008.728695
0.477522 3001.425192
0.480664 2994.275722
0.483805 2987.265669
0.486947 2980.373750
0.490088 2973.587537
0.493230 2966.885887
0.496372 2960.254151
0.499513 2953.677589
0.502655 2947.135192
0.505796 2940.614312
0.508938 2934.093973
0.512080 2927.561950
0.515221 2921.019286
0.518363 2914.465122
0.521504 2907.906936
0.524646 2901.343862
0.527788 2894.781297
0.530929 2888.224635
0.534071 2881.673012
0.537212 2875.133903
0.540354 2868.606456
0.543496 2862.096062
0.546637 2855.608093
0.549779 2849.141727
0.552920 2842.704386
0.556062 2836.295282
0.559203 2829.921800
0.562345 2823.583190
0.565487 2817.284798
0.568628 2811.031916
0.571770 2804.823871
0.574911 2798.667923
0.578053 2792.563459
0.581195 2786.515757
0.584336 2780.530024
0.587478 2774.605755
0.590619 2768.750030
0.593761 2762.962429
0.596903 2757.248135
0.600044 2751.612240
0.603186 2746.054465
0.606327 2740.581654
0.609469 2735.193631
0.612611 2729.895462
0.615752 2724.692097
0.618894 2719.583531
0.622035 2714.576325
0.625177 2709.670598
0.628319 2704.871269
0.631460 2700.183124
0.634602 2695.606485
0.637743 2691.147365
0.640885 2686.803311
0.644026 2682.575578
0.647168 2678.459923
0.650310 2674.456161
0.653451 2670.563963
0.656593 2666.779301
0.659734 2663.103035
0.662876 2659.531273
0.666018 2656.063652
0.669159 2652.699678
0.672301 2649.435658
0.675442 2646.272121
0.678584 2643.205502
0.681726 2640.235274
0.684867 2637.360786
0.688009 2634.578659
0.691150 2631.889114
0.694292 2629.288888
0.697434 2626.777302
0.700575 2624.353564
0.703717 2622.014580
0.706858 2619.760289
0.710000 2617.587707
0.713142 2615.496014
0.716283 2613.484288
0.719425 2611.549697
0.722566 2609.691924
0.725708 2607.908236
0.728849 2606.198218
0.731991 2604.559234
0.735133 2602.990286
0.738274 2601.490293
0.741416 2600.056750
0.744557 2598.689018
0.747699 2597.384678
0.750841 2596.142625
0.753982 2594.961675
0.757124 2593.839526
0.760265 2592.775343
0.763407 2591.766883
0.766549 2590.812176
0.769690 2589.908107
0.772832 2589.050625
0.775973 2588.236802
0.779115 2587.462642
0.782257 2586.724936
0.785398 2586.020424
0.788540 2585.345183
0.791681 2584.696168
0.794823 2584.069489
0.797965 2583.461880
0.801106 2582.870050
0.804248 2582.290146
0.807389 2581.719064
0.810531 2581.152962
0.813672 2580.588728
0.816814 2580.022525
0.819956 2579.451056
0.823097 2578.871031
0.826239 2578.278604
0.829380 2577.670679
0.832522 2577.043390
0.835664 2576.393454
0.838805 2575.717611
0.841947 2575.011956
0.845088 2574.273464
0.848230 2573.498187
0.851372 2572.682879
0.854513 2571.824344
0.857655 2570.918558
0.860796 2569.962624
0.863938 2568.952456
0.867080 2567.884875
0.870221 2566.756771
0.873363 2565.563952
0.876504 2564.303700
0.879646 2562.971739
0.882788 2561.564981
0.885929 2560.080434
0.889071 2558.513679
0.892212 2556.864708
0.895354 2555.139003
0.898495 2553.345624
0.901637 2551.491392
0.904779 2549.584835
0.907920 2547.634545
0.911062 2545.647245
0.914203 2543.632162
0.917345 2541.595976
0.920487 2539.547290
0.923628 2537.494725
0.926770 2535.444938
0.929911 2533.407194
0.933053 2531.388160
0.936195 2529.396454
0.939336 2527.440657
0.942478 2525.527489
0.945619 2523.666129
0.948761 2521.863355
0.951903 2520.127735
0.955044 2518.467750
0.958186 2516.890309
0.961327 2515.404376
0.964469 2514.016968
0.967611 2512.736541
0.970752 2511.571413
0.973894 2510.528805
0.977035 2509.617343
0.980177 2508.844409
0.983319 2508.218283
0.986460 2507.747054
0.989602 2507.438387
0.992743 2507.300439
0.995885 2507.341087
0.999026 2507.568265
1.002168 2507.990082
1.005310 2508.614463
1.008451 2509.449073
1.011593 2510.502409
1.014734 2511.781760
1.017876 2513.293496
1.021018 2515.025984
1.024159 2516.960155
1.027301 2519.078795
1.030442 2521.362117
1.033584 2523.793131
1.036726 2526.352683
1.039867 2529.021459
1.043009 2531.782713
1.046150 2534.616248
1.049292 2537.505423
1.052434 2540.430898
1.055575 2543.373283
1.058717 2546.316007
1.061858 2549.238759
1.065000 2552.124954
1.068142 2554.955208
1.071283 2557.710206
1.074425 2560.373258
1.077566 2562.924231
1.080708 2565.346303
1.083849 2567.619496
1.086991 2569.726810
1.090133 2571.649047
1.093274 2573.367245
1.096416 2574.864052
1.099557 2576.120077
1.102699 2577.117674
1.105841 2577.837955
1.108982 2578.262382
1.112124 2578.372780
1.115265 2578.150642
1.118407 2577.577380
1.121549 2576.634561
1.124690 2575.304222
1.127832 2573.567069
1.130973 2571.405772
1.134115 2568.800508
1.137257 2565.733447
1.140398 2562.187345
1.143540 2558.143353
1.146681 2553.622182
1.149823 2548.669944
1.152965 2543.338082
1.156106 2537.678523
1.159248 2531.737725
1.162389 2525.569515
1.165531 2519.220027
1.168672 2512.743347
1.171814 2506.185413
1.174956 2499.598348
1.178097 2493.034309
1.181239 2486.539181
1.184380 2480.167140
1.187522 2473.964194
1.190664 2467.982470
1.193805 2462.273814
1.196947 2456.884655
1.200088 2451.868466
1.203230 2447.272117
1.206372 2443.147344
1.209513 2439.545282
1.212655 2436.513701
1.215796 2434.104575
1.218938 2432.366432
1.222080 2431.350219
1.225221 2431.105961
1.228363 2431.683569
1.231504 2433.132716
1.234646 2435.504389
1.237788 2438.848345
1.240929 2443.213104
1.244071 2448.651509
1.247212 2455.210140
1.250354 2462.943238
1.253495 2471.895923
1.256637 2482.123959
1.259779 2493.674771
1.262920 2506.594098
1.266062 2520.940231
1.269203 2536.752778
1.272345 2553.963287
1.275487 2572.256055
1.278628 2591.289288
1.281770 2610.739544
1.284911 2630.259022
1.288053 2649.524591
1.291195 2668.194378
1.294336 2685.927272
1.297478 2702.399003
1.300619 2717.263665
1.303761 2730.195163
1.306903 2740.852840
1.310044 2748.898935
1.313186 2754.003010
1.316327 2755.826396
1.319469 2754.034694
1.322611 2748.291131
1.325752 2738.263968
1.328894 2723.611257
1.332035 2704.006908
1.335177 2679.102875
1.338318 2648.579592
1.341460 2612.082061
1.344602 2569.283436
1.347743 2519.864891
1.350885 2463.459398
1.354026 2399.767443
1.357168 2328.412907
1.360310 2249.079237
1.363451 2161.460037
1.366593 2065.163954
1.369734 1959.916866
1.372876 1845.316195
1.376018 1721.058351
1.379159 1586.852036
1.382301 1442.276234
1.385442 1287.087554
1.388584 1120.851619
1.391726 943.280470
1.394867 754.100581
