0.004712 51282.651781
0.007854 48943.313348
0.010996 46699.149573
0.014137 44548.581543
0.017279 42487.991458
0.020420 40516.443472
0.023562 38630.433774
0.026704 36828.354959
0.029845 35108.492776
0.032987 33467.503677
0.036128 31904.184720
0.039270 30415.292032
0.042412 28999.086451
0.045553 27653.736281
0.048695 26376.136441
0.051836 25164.852679
0.054978 24016.865277
0.058119 22930.657480
0.061261 21903.289212
0.064403 20932.866906
0.067544 20017.424504
0.070686 19154.130661
0.073827 18341.287406
0.076969 17576.128724
0.080111 16856.672226
0.083252 16180.877349
0.086394 15546.065341
0.089535 14950.392792
0.092677 14391.231969
0.095819 13866.529555
0.098960 13374.188368
0.102102 12911.646469
0.105243 12476.950792
0.108385 12067.576104
0.111527 11681.416049
0.114668 11316.334716
0.117810 10969.851201
0.120951 10639.938561
0.124093 10324.190159
0.127235 10021.488565
0.130376 9731.562433
0.133518 9453.895577
0.136659 9188.333307
0.139801 8934.374949
0.142942 8691.850720
0.146084 8460.274617
0.149226 8239.393977
0.152367 8028.942521
0.155509 7828.454668
0.158650 7637.726599
0.161792 7456.305292
0.164934 7283.921328
0.168075 7120.293787
0.171217 6964.986901
0.174358 6817.768092
0.177500 6678.212041
0.180642 6546.035216
0.183783 6420.944689
0.186925 6302.529231
0.190066 6190.532782
0.193208 6084.552450
0.196350 5984.293224
0.199491 5889.452811
0.202633 5799.639243
0.205774 5714.578253
0.208916 5633.884101
0.212058 5557.252937
0.215199 5484.375737
0.218341 5414.874521
0.221482 5348.462090
0.224624 5284.764579
0.227765 5223.491098
0.230907 5164.271052
0.234049 5106.792648
0.237190 5050.741876
0.240332 4995.751511
0.243473 4941.597323
0.246615 4888.205769
0.249757 4835.597016
0.252898 4783.790237
0.256040 4732.755247
0.259181 4682.527334
0.262323 4633.077319
0.265465 4584.424123
0.268606 4536.585652
0.271748 4489.534249
0.274889 4443.302665
0.278031 4397.864266
0.281173 4353.236703
0.284314 4309.436594
0.287456 4266.438854
0.290597 4224.273653
0.293739 4182.916947
0.296881 4142.385093
0.300022 4102.693401
0.303164 4063.819400
0.306305 4025.790637
0.309447 3988.585699
0.312588 3952.231073
0.315730 3916.706411
0.318872 3882.026225
0.322013 3848.203954
0.325155 3815.220862
0.328296 3783.100747
0.331438 3751.825961
0.334580 3721.409668
0.337721 3691.863942
0.340863 3663.172772
0.344004 3635.357224
0.347146 3608.402390
0.350288 3582.320066
0.353429 3557.120939
0.356571 3532.791768
0.359712 3509.349630
0.362854 3486.765426
0.365996 3465.021565
0.369137 3444.099155
0.372279 3423.959458
0.375420 3404.589887
0.378562 3385.952693
0.381704 3368.028737
0.384845 3350.797976
0.387987 3334.224021
0.391128 3318.292016
0.394270 3302.966399
0.397411 3288.231520
0.400553 3274.052579
0.403695 3260.408935
0.406836 3247.279267
0.409978 3234.629797
0.413119 3222.443172
0.416261 3210.686213
0.419403 3199.337450
0.422544 3188.374891
0.425686 3177.766137
0.428827 3167.492537
0.431969 3157.522131
0.435111 3147.832817
0.438252 3138.402138
0.441394 3129.198670
0.444535 3120.202866
0.447677 3111.383581
0.450819 3102.718286
0.453960 3094.184258
0.457102 3085.750645
0.460243 3077.397409
0.463385 3069.093814
0.466527 3060.817108
0.469668 3052.544503
0.472810 3044.245314
0.475951 3035.899451
0.479093 3027.485277
0.482234 3019.013101
0.485376 3010.485530
0.488518 3001.913260
0.491659 2993.307041
0.494801 2984.669398
0.497942 2976.013828
0.501084 2967.342824
0.504226 2958.667146
0.507367 2949.997557
0.510509 2941.336542
0.513650 2932.697614
0.516792 2924.083277
0.519934 2915.504289
0.523075 2906.971366
0.526217 2898.487079
0.529358 2890.064828
0.532500 2881.707255
0.535642 2873.425057
0.538783 2865.228835
0.541925 2857.121374
0.545066 2849.115836
0.548208 2841.215126
0.551350 2833.429817
0.554491 2825.770331
0.557633 2818.239796
0.560774 2810.851006
0.563916 2803.607259
0.567057 2796.521168
0.570199 2789.596223
0.573341 2782.842713
0.576482 2776.270705
0.579624 2769.884020
0.582765 2763.694723
0.585907 2757.706878
0.589049 2751.930491
0.592190 2746.375302
0.595332 2741.044781
0.598473 2735.939961
0.601615 2731.050100
0.604757 2726.369312
0.607898 2721.891444
0.611040 2717.606101
0.614181 2713.508468
0.617323 2709.588391
0.620465 2705.839658
0.623606 2702.255838
0.626748 2698.827104
0.629889 2695.548096
0.633031 2692.409183
0.636173 2689.403884
0.639314 2686.525550
0.642456 2683.764803
0.645597 2681.115860
0.648739 2678.569488
0.651880 2676.119767
0.655022 2673.757593
0.658164 2671.476213
0.661305 2669.268773
0.664447 2667.126321
0.667588 2665.042682
0.670730 2663.008982
0.673872 2661.018347
0.677013 2659.063848
0.680155 2657.136696
0.683296 2655.230576
0.686438 2653.336729
0.689580 2651.448218
0.692721 2649.558100
0.695863 2647.657626
0.699004 2645.740464
0.702146 2643.797849
0.705288 2641.822841
0.708429 2639.808542
0.711571 2637.746163
0.714712 2635.633318
0.717854 2633.471905
0.720996 2631.266570
0.724137 2629.022016
0.727279 2626.740798
0.730420 2624.428346
0.733562 2622.087171
0.736703 2619.722742
0.739845 2617.337537
0.742987 2614.936286
0.746128 2612.523743
0.749270 2610.102353
0.752411 2607.677638
0.755553 2605.252036
0.758695 2602.830300
0.761836 2600.417181
0.764978 2598.015124
0.768119 2595.629637
0.771261 2593.263185
0.774403 2590.920511
0.777544 2588.606331
0.780686 2586.323153
0.783827 2584.076411
0.786969 2581.868656
0.790111 2579.704591
0.793252 2577.588866
0.796394 2575.524115
0.799535 2573.515632
0.802677 2571.566120
0.805819 2569.680212
0.808960 2567.862457
0.812102 2566.115679
0.815243 2564.444971
0.818385 2562.853251
0.821526 2561.345511
0.824668 2559.924775
0.827810 2558.595518
0.830951 2557.361396
0.834093 2556.219984
0.837234 2555.168281
0.840376 2554.201878
0.843518 2553.317383
0.846659 2552.511302
0.849801 2551.779381
0.852942 2551.118351
0.856084 2550.524051
0.859226 2549.992962
0.862367 2549.521487
0.865509 2549.105585
0.868650 2548.741785
0.871792 2548.426115
0.874934 2548.154961
0.878075 2547.924648
0.881217 2547.731293
0.884358 2547.571280
0.887500 2547.440769
0.890642 2547.336075
0.893783 2547.253484
0.896925 2547.189202
0.900066 2547.139533
0.903208 2547.100708
0.906349 2547.069014
0.909491 2547.040690
0.912633 2547.012010
0.915774 2546.979243
0.918916 2546.938632
0.922057 2546.886463
0.925199 2546.818966
0.928341 2546.732414
0.931482 2546.623107
0.934624 2546.487237
0.937765 2546.321152
0.940907 2546.121007
0.944049 2545.883112
0.947190 2545.603871
0.950332 2545.281794
0.953473 2544.919178
0.956615 2544.518143
0.959757 2544.081152
0.962898 2543.610714
0.966040 2543.108880
0.969181 2542.578324
0.972323 2542.021058
0.975465 2541.439601
0.978606 2540.836502
0.981748 2540.213729
0.984889 2539.574030
0.988031 2538.919350
0.991172 2538.252458
0.994314 2537.575282
0.997456 2536.890386
1.000597 2536.200343
1.003739 2535.507066
1.006880 2534.813348
1.010022 2534.121100
1.013164 2533.432897
1.016305 2532.751307
1.019447 2532.078250
1.022588 2531.416504
1.025730 2530.768002
1.028872 2530.135308
1.032013 2529.520970
1.035155 2528.926948
1.038296 2528.355972
1.041438 2527.810032
1.044580 2527.291665
1.047721 2526.803377
1.050863 2526.347207
1.054004 2525.925799
1.057146 2525.541237
1.060288 2525.196014
1.063429 2524.892573
1.066571 2524.632546
1.069712 2524.415156
1.072854 2524.238411
1.075995 2524.100573
1.079137 2523.999700
1.082279 2523.933989
1.085420 2523.901593
1.088562 2523.900637
1.091703 2523.929271
1.094845 2523.985659
1.097987 2524.067944
1.101128 2524.174236
1.104270 2524.302749
1.107411 2524.451549
1.110553 2524.618878
1.113695 2524.802839
1.116836 2525.001513
1.119978 2525.213174
1.123119 2525.435835
1.126261 2525.667785
1.129403 2525.907101
1.132544 2526.151851
1.135686 2526.400340
1.138827 2526.650556
1.141969 2526.900805
1.145111 2527.149156
1.148252 2527.393678
1.151394 2527.632674
1.154535 2527.864139
1.157677 2528.086368
1.160818 2528.297368
1.163960 2528.495420
1.167102 2528.678602
1.170243 2528.845011
1.173385 2528.992899
1.176526 2529.120321
1.179668 2529.225505
1.182810 2529.306615
1.185951 2529.363626
1.189093 2529.398564
1.192234 2529.413507
1.195376 2529.410562
1.198518 2529.391821
1.201659 2529.359395
1.204801 2529.315363
1.207942 2529.261850
1.211084 2529.200922
1.214226 2529.134693
1.217367 2529.065284
1.220509 2528.994751
1.223650 2528.925236
1.226792 2528.858794
1.229934 2528.797547
1.233075 2528.743609
1.236217 2528.699045
1.239358 2528.665982
1.242500 2528.646496
1.245641 2528.642699
1.248783 2528.656687
1.251925 2528.690563
1.255066 2528.746404
1.258208 2528.826345
1.261349 2528.932433
1.264491 2529.066835
1.267633 2529.231620
1.270774 2529.428820
1.273916 2529.660658
1.277057 2529.929085
1.280199 2530.236371
1.283341 2530.584535
1.286482 2530.975546
1.289624 2531.411751
1.292765 2531.894970
1.295907 2532.427611
1.299049 2533.011625
