0.003142 51244.981669
0.006283 48970.919387
0.009425 46784.524447
0.012566 44685.221459
0.015708 42669.705769
0.018850 40736.690915
0.021991 38884.785414
0.025133 37110.842138
0.028274 35414.023159
0.031416 33791.280098
0.034558 32241.196789
0.037699 30762.264571
0.040841 29351.573804
0.043982 28008.055336
0.047124 26728.885748
0.050265 25512.912170
0.053407 24357.392398
0.056549 23260.754985
0.059690 22221.353531
0.062832 21236.558262
0.065973 20305.028925
0.069115 19424.204435
0.072257 18592.421221
0.075398 17807.953285
0.078540 17068.333178
0.081681 16372.064587
0.084823 15716.736224
0.087965 15100.608053
0.091106 14521.890137
0.094248 13978.246038
0.097389 13468.054696
0.100531 12989.023305
0.103673 12539.351022
0.106814 12117.199630
0.109956 11720.332383
0.113097 11347.034792
0.116239 10995.101217
0.119381 10662.685667
0.122522 10347.917302
0.125664 10048.627752
0.128805 9763.040416
0.131947 9489.114656
0.135088 9226.192407
0.138230 8973.835848
0.141372 8731.865698
0.144513 8500.089458
0.147655 8278.094910
0.150796 8065.758835
0.153938 7862.681393
0.157080 7668.666990
0.160221 7483.508493
0.163363 7306.823369
0.166504 7138.459557
0.169646 6978.045216
0.172788 6825.370542
0.175929 6680.215877
0.179071 6542.224160
0.182212 6411.218700
0.185354 6286.851443
0.188496 6168.900482
0.191637 6057.135739
0.194779 5951.221412
0.197920 5850.960393
0.201062 5756.024204
0.204204 5666.180939
0.207345 5581.192206
0.210487 5500.739253
0.213628 5424.608764
0.216770 5352.487627
0.219911 5284.157223
0.223053 5219.309407
0.226195 5157.701811
0.229336 5099.087941
0.232478 5043.165839
0.235619 4989.706574
0.238761 4938.411471
0.241903 4889.033214
0.245044 4841.322053
0.248186 4794.982969
0.251327 4749.780932
0.254469 4705.422524
0.257611 4661.661844
0.260752 4618.374480
0.263894 4575.532507
0.267035 4533.170179
0.270177 4491.267507
0.273319 4449.845042
0.276460 4408.922722
0.279602 4368.481476
0.282743 4328.554031
0.285885 4289.121949
0.289027 4250.205011
0.292168 4211.822340
0.295310 4173.956483
0.298451 4136.638527
0.301593 4099.851695
0.304734 4063.626389
0.307876 4027.946528
0.311018 3992.830720
0.314159 3958.296858
0.317301 3924.329939
0.320442 3890.958567
0.323584 3858.168480
0.326726 3825.977383
0.329867 3794.402221
0.333009 3763.429874
0.336150 3733.087042
0.339292 3703.361389
0.342434 3674.269664
0.345575 3645.827807
0.348717 3618.024694
0.351858 3590.885007
0.355000 3564.398451
0.358142 3538.580758
0.361283 3513.446812
0.364425 3488.987594
0.367566 3465.225657
0.370708 3442.152857
0.373850 3419.783858
0.376991 3398.132428
0.380133 3377.191766
0.383274 3356.982158
0.386416 3337.490544
0.389557 3318.712342
0.392699 3300.616190
0.395841 3283.188766
0.398982 3266.415900
0.402124 3250.267506
0.405265 3234.734464
0.408407 3219.787481
0.411549 3205.412185
0.414690 3191.593481
0.417832 3178.303163
0.420973 3165.530295
0.424115 3153.247337
0.427257 3141.439027
0.430398 3130.089497
0.433540 3119.172114
0.436681 3108.674430
0.439823 3098.570357
0.442965 3088.843890
0.446106 3079.478546
0.449248 3070.448955
0.452389 3061.741469
0.455531 3053.331137
0.458673 3045.201371
0.461814 3037.335225
0.464956 3029.708284
0.468097 3022.306007
0.471239 3015.104275
0.474380 3008.088273
0.477522 3001.234131
0.480664 2994.524698
0.483805 2987.942642
0.486947 2981.464367
0.490088 2975.074598
0.493230 2968.749862
0.496372 2962.472794
0.499513 2956.225972
0.502655 2949.986011
0.505796 2943.737486
0.508938 2937.457014
0.512080 2931.130182
0.515221 2924.758484
0.518363 2918.342513
0.521504 2911.891006
0.524646 2905.404508
0.527788 2898.889724
0.530929 2892.353394
0.534071 2885.796009
0.537212 2879.226397
0.540354 2872.645027
0.543496 2866.058647
0.546637 2859.474006
0.549779 2852.891566
0.552920 2846.320170
0.556062 2839.760288
0.559203 2833.220748
0.562345 2826.702039
0.565487 2820.210903
0.568628 2813.754046
0.571770 2807.332010
0.574911 2800.953535
0.578053 2794.619214
0.581195 2788.335741
0.584336 2782.109743
0.587478 2775.941912
0.590619 2769.840824
0.593761 2763.807250
0.596903 2757.847798
0.600044 2751.968983
0.603186 2746.171714
0.606327 2740.464336
0.609469 2734.847867
0.612611 2729.328795
0.615752 2723.913483
0.618894 2718.603137
0.622035 2713.405789
0.625177 2708.322785
0.628319 2703.360452
0.631460 2698.524965
0.634602 2693.817899
0.637743 2689.246607
0.640885 2684.808669
0.644026 2680.504699
0.647168 2676.329691
0.650310 2672.282768
0.653451 2668.362891
0.656593 2664.565296
0.659734 2660.890137
0.662876 2657.332804
0.666018 2653.892221
0.669159 2650.567160
0.672301 2647.353238
0.675442 2644.250233
0.678584 2641.253904
0.681726 2638.362989
0.684867 2635.576090
0.688009 2632.889168
0.691150 2630.301665
0.694292 2627.809667
0.697434 2625.411747
0.700575 2623.106357
0.703717 2620.889761
0.706858 2618.761106
0.710000 2616.716768
0.713142 2614.755171
0.716283 2612.874635
0.719425 2611.071695
0.722566 2609.345232
0.725708 2607.691881
0.728849 2606.110428
0.731991 2604.597599
0.735133 2603.151642
0.738274 2601.770718
0.741416 2600.451682
0.744557 2599.193107
0.747699 2597.991925
0.750841 2596.846279
0.753982 2595.754240
0.757124 2594.712847
0.760265 2593.720496
0.763407 2592.774282
0.766549 2591.871933
0.769690 2591.010660
0.772832 2590.186826
0.775973 2589.397865
0.779115 2588.640183
0.782257 2587.910948
0.785398 2587.207286
0.788540 2586.525660
0.791681 2585.863414
0.794823 2585.217036
0.797965 2584.583649
0.801106 2583.960357
0.804248 2583.343675
0.807389 2582.730904
0.810531 2582.118565
0.813672 2581.503958
0.816814 2580.883600
0.819956 2580.254596
0.823097 2579.614061
0.826239 2578.958496
0.829380 2578.285228
0.832522 2577.590740
0.835664 2576.872150
0.838805 2576.126610
0.841947 2575.350553
0.845088 2574.541386
0.848230 2573.695502
0.851372 2572.810061
0.854513 2571.882275
0.857655 2570.908463
0.860796 2569.886156
0.863938 2568.811611
0.867080 2567.682055
0.870221 2566.494784
0.873363 2565.245951
0.876504 2563.933263
0.879646 2562.552793
0.882788 2561.101856
0.885929 2559.577860
0.889071 2557.976743
0.892212 2556.298778
0.895354 2554.549292
0.898495 2552.737148
0.901637 2550.868946
0.904779 2548.953008
0.907920 2546.997719
0.911062 2545.009587
0.914203 2542.997627
0.917345 2540.968311
0.920487 2538.930033
0.923628 2536.891197
0.926770 2534.858257
0.929911 2532.840258
0.933053 2530.843669
0.936195 2528.876889
0.939336 2526.948282
0.942478 2525.064374
0.945619 2523.234113
0.948761 2521.464088
0.951903 2519.762645
0.955044 2518.138046
0.958186 2516.597007
0.961327 2515.148262
0.964469 2513.798640
0.967611 2512.556373
0.970752 2511.429557
0.973894 2510.425227
0.977035 2509.551774
0.980177 2508.816394
0.983319 2508.227142
0.986460 2507.791887
0.989602 2507.518105
0.992743 2507.413721
0.995885 2507.486421
0.999026 2507.743910
1.002168 2508.194106
1.005310 2508.844710
1.008451 2509.703172
1.011593 2510.777792
1.014734 2512.075636
1.017876 2513.602903
1.021018 2515.347988
1.024159 2517.291938
1.027301 2519.417668
1.030442 2521.705507
1.033584 2524.138590
1.036726 2526.697882
1.039867 2529.364192
1.043009 2532.120894
1.046150 2534.947915
1.049292 2537.828732
1.052434 2540.744126
1.055575 2543.674836
1.058717 2546.604402
1.061858 2549.512645
1.065000 2552.383090
1.068142 2555.196481
1.071283 2557.933629
1.074425 2560.577955
1.077566 2563.109458
1.080708 2565.511426
1.083849 2567.764014
1.086991 2569.850333
1.090133 2571.751311
1.093274 2573.448114
1.096416 2574.923499
1.099557 2576.158209
1.102699 2577.134707
1.105841 2577.834232
1.108982 2578.238375
1.112124 2578.329069
1.115265 2578.087941
1.118407 2577.496512
1.121549 2576.536478
1.124690 2575.190000
1.127832 2573.437898
1.130973 2571.262971
1.134115 2568.645509
1.137257 2565.567809
1.140398 2562.012750
1.143540 2557.961594
1.146681 2553.435067
1.149823 2548.479198
1.152965 2543.145347
1.156106 2537.485356
1.159248 2531.545600
1.162389 2525.379819
1.165531 2519.034067
1.168672 2512.562340
1.171814 2506.010498
1.174956 2499.430576
1.178097 2492.874646
1.181239 2486.388512
1.184380 2480.026262
1.187522 2473.833824
1.190664 2467.863239
1.193805 2462.166265
1.196947 2456.789253
1.200088 2451.785585
1.203230 2447.202054
1.206372 2443.090308
1.209513 2439.501394
1.212655 2436.483007
1.215796 2434.087025
1.218938 2432.361904
1.222080 2431.358500
1.225221 2431.126752
1.228363 2431.716491
1.231504 2433.177302
1.234646 2435.560093
1.237788 2438.914533
1.240929 2443.289056
1.244071 2448.736425
1.247212 2455.303132
1.250354 2463.043338
1.253495 2472.002074
1.256637 2482.235023
1.259779 2493.789525
1.262920 2506.711234
1.266062 2521.058357
1.269203 2536.870419
1.272345 2554.078951
1.275487 2572.368355
1.278628 2591.396955
1.281770 2610.841425
1.284911 2630.354086
1.288053 2649.611919
1.291195 2668.273174
1.294336 2685.996858
1.297478 2702.458814
1.300619 2717.313261
1.303761 2730.234214
1.306903 2740.881138
1.310044 2748.916394
1.313186 2754.009654
1.316327 2755.822374
1.319469 2754.020266
1.322611 2748.266679
1.325752 2738.229994
1.328894 2723.568377
1.332035 2703.955858
1.335177 2679.044506
1.338318 2648.514878
1.341460 2612.012088
1.344602 2569.209412
1.347743 2519.788142
1.350885 2463.381366
1.354026 2399.689687
1.357168 2328.337108
1.360310 2249.007191
1.363451 2161.393657
1.366593 2065.105275
1.369734 1959.868035
1.372876 1845.279483
1.376018 1721.036145
1.379159 1586.846835
1.382301 1442.290665
1.385442 1287.124350
1.388584 1120.913646
1.391726 943.370704
1.394867 754.222106
