0.004712 51252.188934
0.007854 48919.849167
0.010996 46682.138147
0.014137 44537.493128
0.017279 42482.318046
0.020420 40515.691566
0.023562 38634.130977
0.026704 36836.045198
0.029845 35119.736886
0.032987 33481.882720
0.036128 31921.295720
0.039270 30434.751721
0.042412 29020.528593
0.045553 27676.812148
0.048695 26400.516308
0.051836 25190.223948
0.054978 24042.933949
0.058119 22957.147069
0.061261 21929.941464
0.064403 20959.441361
0.067544 20043.698801
0.070686 19179.900213
0.073827 18366.365905
0.076969 17600.347386
0.080111 16879.880431
0.083252 16202.942828
0.086394 15566.873063
0.089535 14969.846485
0.092677 14409.252464
0.095819 13883.056068
0.098960 13389.178580
0.102102 12925.075049
0.105243 12488.811360
0.108385 12077.879247
0.111527 11690.190822
0.114668 11323.628609
0.117810 10975.728723
0.120951 10644.483082
0.124093 10327.501577
0.127235 10023.673598
0.130376 9732.724715
0.133518 9454.134362
0.136659 9187.744705
0.139801 8933.050816
0.142942 8689.879650
0.146084 8457.741062
0.149226 8236.378877
0.152367 8025.523203
0.155509 7824.704469
0.158650 7633.715340
0.161792 7452.098896
0.164934 7279.582082
0.168075 7115.880259
0.171217 6960.553884
0.174358 6813.366661
0.177500 6673.889562
0.180642 6541.835320
0.183783 6416.907218
0.186925 6298.690402
0.190066 6186.924955
0.193208 6081.204403
0.196350 5981.229935
0.199491 5886.695425
0.202633 5797.205370
0.205774 5712.481569
0.208916 5632.134765
0.212058 5555.857272
0.215199 5483.336223
0.218341 5414.190131
0.221482 5348.127845
0.224624 5284.771991
0.227765 5223.827733
0.230907 5164.920956
0.234049 5107.736029
0.237190 5051.955128
0.240332 4997.207469
0.243473 4943.266003
0.246615 4890.057891
0.249757 4837.604416
0.252898 4785.925899
0.256040 4734.993424
0.259181 4684.843399
0.262323 4635.447881
0.265465 4586.826950
0.268606 4538.999696
0.271748 4491.939657
0.274889 4445.680776
0.278031 4400.197586
0.281173 4355.508931
0.284314 4311.632644
0.287456 4268.544774
0.290597 4226.276737
0.293739 4184.805609
0.296881 4144.148966
0.300022 4104.323345
0.303164 4065.307379
0.306305 4027.129889
0.309447 3989.770556
0.312588 3953.257149
0.315730 3917.570406
0.318872 3882.726076
0.322013 3848.738835
0.325155 3815.591031
0.328296 3783.307752
0.331438 3751.872430
0.334580 3721.299471
0.337721 3691.602180
0.340863 3662.765639
0.344004 3634.812189
0.347146 3607.728022
0.350288 3581.526167
0.353429 3556.218529
0.356571 3531.792984
0.359712 3508.267780
0.362854 3485.613906
0.365996 3463.813254
0.369137 3442.846388
0.372279 3422.673986
0.375420 3403.282923
0.378562 3384.634880
0.381704 3366.710171
0.384845 3349.488190
0.387987 3332.931997
0.391128 3317.026169
0.394270 3301.734602
0.397411 3287.041068
0.400553 3272.910238
0.403695 3259.320901
0.406836 3246.251159
0.409978 3233.666714
0.413119 3221.549616
0.416261 3209.866175
0.419403 3198.594340
0.422544 3187.711536
0.425686 3177.184860
0.428827 3166.995049
0.431969 3157.109643
0.435111 3147.505955
0.438252 3138.160942
0.441394 3129.042680
0.444535 3120.131010
0.447677 3111.394284
0.450819 3102.809389
0.453960 3094.353020
0.457102 3085.993818
0.460243 3077.711141
0.463385 3069.473741
0.466527 3061.258285
0.469668 3053.041412
0.472810 3044.791916
0.475951 3036.489118
0.479093 3028.111084
0.482234 3019.668308
0.485376 3011.163709
0.488518 3002.608258
0.491659 2994.012993
0.494801 2985.380734
0.497942 2976.725264
0.501084 2968.049365
0.504226 2959.364084
0.507367 2950.680480
0.510509 2942.001317
0.513650 2933.340407
0.516792 2924.700530
0.519934 2916.092740
0.523075 2907.528053
0.526217 2899.009306
0.529358 2890.550212
0.532500 2882.153677
0.535642 2873.830700
0.538783 2865.592183
0.541925 2857.441174
0.545066 2849.391151
0.548208 2841.445280
0.551350 2833.614435
0.554491 2825.909345
0.557633 2818.333394
0.560774 2810.899696
0.563916 2803.611810
0.567057 2796.482663
0.570199 2789.516010
0.573341 2782.722440
0.576482 2776.112322
0.579624 2769.689741
0.582765 2763.467074
0.585907 2757.448652
0.589049 2751.644782
0.592190 2746.065500
0.595332 2740.714520
0.598473 2735.592884
0.601615 2730.689685
0.604757 2725.998889
0.607898 2721.514193
0.611040 2717.225041
0.614181 2713.126469
0.617323 2709.208169
0.620465 2705.463774
0.623606 2701.886698
0.626748 2698.466963
0.629889 2695.199052
0.633031 2692.073186
0.636173 2689.082727
0.639314 2686.220867
0.642456 2683.478084
0.645597 2680.848431
0.648739 2678.322533
0.651880 2675.894303
0.655022 2673.554496
0.658164 2671.296201
0.661305 2669.112401
0.664447 2666.994006
0.667588 2664.934670
0.670730 2662.925384
0.673872 2660.959111
0.677013 2659.028760
0.680155 2657.125403
0.683296 2655.242558
0.686438 2653.371326
0.689580 2651.504610
0.692721 2649.635305
0.695863 2647.754522
0.699004 2645.855763
0.702146 2643.930121
0.705288 2641.970496
0.708429 2639.969833
0.711571 2637.919198
0.714712 2635.816122
0.717854 2633.662577
0.720996 2631.463288
0.724137 2629.223043
0.727279 2626.944477
0.730420 2624.633105
0.733562 2622.291519
0.736703 2619.925273
0.739845 2617.536923
0.742987 2615.131287
0.746128 2612.713200
0.749270 2610.285187
0.752411 2607.852856
0.755553 2605.418724
0.758695 2602.987630
0.761836 2600.564409
0.764978 2598.151583
0.768119 2595.754750
0.771261 2593.376448
0.774403 2591.021510
0.777544 2588.694736
0.780686 2586.398710
0.783827 2584.138956
0.786969 2581.918099
0.790111 2579.740930
0.793252 2577.612186
0.796394 2575.534573
0.799535 2573.513479
0.802677 2571.551680
0.805819 2569.653895
0.808960 2567.824760
0.812102 2566.067175
0.815243 2564.386321
0.818385 2562.785194
0.821526 2561.268875
0.824668 2559.840462
0.827810 2558.504518
0.830951 2557.264771
0.834093 2556.118784
0.837234 2555.063511
0.840376 2554.094495
0.843518 2553.208304
0.846659 2552.401395
0.849801 2551.669471
0.852942 2551.009217
0.856084 2550.416426
0.859226 2549.887536
0.862367 2549.418901
0.865509 2549.006440
0.868650 2548.646631
0.871792 2548.335463
0.874934 2548.069273
0.878075 2547.844340
0.881217 2547.656739
0.884358 2547.502805
0.887500 2547.378657
0.890642 2547.280565
0.893783 2547.204763
0.896925 2547.147419
0.900066 2547.104789
0.903208 2547.073059
0.906349 2547.048469
0.909491 2547.027219
0.912633 2547.005532
0.915774 2546.979632
0.918916 2546.945719
0.922057 2546.900033
0.925199 2546.838759
0.928341 2546.758126
0.931482 2546.654386
0.934624 2546.523688
0.937765 2546.362333
0.940907 2546.166435
0.944049 2545.932254
0.947190 2545.656150
0.950332 2545.336620
0.953473 2544.975979
0.956615 2544.576377
0.959757 2544.140301
0.962898 2543.670286
0.966040 2543.168411
0.969181 2542.637373
0.972323 2542.079213
0.975465 2541.496474
0.978606 2540.891732
0.981748 2540.266980
0.984889 2539.624994
0.988031 2538.967743
0.991172 2538.298023
0.994314 2537.617788
0.997456 2536.929627
1.000597 2536.236140
1.003739 2535.539267
1.006880 2534.841826
1.010022 2534.145754
1.013164 2533.453651
1.016305 2532.768113
1.019447 2532.091084
1.022588 2531.425371
1.025730 2530.772929
1.028872 2530.136352
1.032013 2529.518213
1.035155 2528.920495
1.038296 2528.345959
1.041438 2527.796615
1.044580 2527.275031
1.047721 2526.783738
1.050863 2526.324800
1.054004 2525.900888
1.057146 2525.514111
1.060288 2525.166988
1.063429 2524.861989
1.066571 2524.600767
1.069712 2524.382535
1.072854 2524.205283
1.075995 2524.067256
1.079137 2523.966493
1.082279 2523.901174
1.085420 2523.869433
1.088562 2523.869377
1.091703 2523.899138
1.094845 2523.956863
1.097987 2524.040677
1.101128 2524.148669
1.104270 2524.279037
1.107411 2524.429830
1.110553 2524.599271
1.113695 2524.785444
1.116836 2524.986413
1.119978 2525.200434
1.123119 2525.425501
1.126261 2525.659886
1.129403 2525.901648
1.132544 2526.148836
1.135686 2526.399737
1.138827 2526.652321
1.141969 2526.904878
1.145111 2527.155457
1.148252 2527.402107
1.151394 2527.643117
1.154535 2527.876461
1.157677 2528.100418
1.160818 2528.312976
1.163960 2528.512398
1.167102 2528.696744
1.170243 2528.864091
1.173385 2529.012677
1.176526 2529.140535
1.179668 2529.245878
1.182810 2529.326850
1.185951 2529.383430
1.189093 2529.417668
1.192234 2529.431666
1.195376 2529.427557
1.198518 2529.407458
1.201659 2529.373506
1.204801 2529.327803
1.207942 2529.272502
1.211084 2529.209692
1.214226 2529.141514
1.217367 2529.070114
1.220509 2528.997572
1.223650 2528.926056
1.226792 2528.857646
1.229934 2528.794489
1.233075 2528.738726
1.236217 2528.692444
1.239358 2528.657798
1.242500 2528.636889
1.245641 2528.631853
1.248783 2528.644811
1.251925 2528.677892
1.255066 2528.733199
1.258208 2528.812891
1.261349 2528.919041
1.264491 2529.053840
1.267633 2529.219384
1.270774 2529.417728
1.273916 2529.651122
1.277057 2529.921542
1.280199 2530.231283
1.283341 2530.582391
1.286482 2530.976856
1.289624 2531.417054
1.292765 2531.904827
1.295907 2532.442612
1.299049 2533.032383
