0.003142 49807.742723
0.006283 47844.363816
0.009425 45945.894311
0.012566 44112.279857
0.015708 42341.089587
0.018850 40631.653761
0.021991 38983.224029
0.025133 37393.487438
0.028274 35862.193116
0.031416 34387.102693
0.034558 32967.449177
0.037699 31602.395004
0.040841 30289.807657
0.043982 29029.259848
0.047124 27818.685604
0.050265 26657.592703
0.053407 25543.978496
0.056549 24476.956724
0.059690 23455.581811
0.062832 22477.940076
0.065973 21543.391026
0.069115 20650.076263
0.072257 19797.036395
0.075398 18983.260762
0.078540 18206.967866
0.081681 17467.389049
0.084823 16762.790060
0.087965 16092.148428
0.091106 15454.398456
0.094248 14847.870729
0.097389 14271.688530
0.100531 13724.221644
0.103673 13204.394578
0.106814 12711.096650
0.109956 12242.750424
0.113097 11798.391223
0.116239 11376.472772
0.119381 10975.876602
0.122522 10595.457100
0.125664 10233.708705
0.128805 9889.598886
0.131947 9561.699151
0.135088 9249.516262
0.138230 8952.427145
0.141372 8670.112100
0.144513 8402.232617
0.147655 8148.196688
0.150796 7907.744751
0.153938 7680.302261
0.157080 7465.526343
0.160221 7263.058002
0.163363 7072.346875
0.166504 6893.093095
0.169646 6724.761082
0.172788 6566.988143
0.175929 6419.398147
0.179071 6281.475674
0.182212 6152.887254
0.185354 6033.129569
0.188496 5921.823461
0.191637 5818.579013
0.194779 5722.909045
0.197920 5634.453190
0.201062 5552.733684
0.204204 5477.358257
0.207345 5407.926562
0.210487 5343.972949
0.213628 5285.116863
0.216770 5230.899386
0.219911 5180.933769
0.223053 5134.766753
0.226195 5091.993346
0.229336 5052.204233
0.232478 5014.952638
0.235619 4979.841009
0.238761 4946.425548
0.241903 4914.296198
0.245044 4883.041262
0.248186 4852.219398
0.251327 4821.428962
0.254469 4790.228907
0.257611 4758.215024
0.260752 4725.201491
0.263894 4691.215707
0.267035 4656.340766
0.270177 4620.615949
0.273319 4584.113723
0.276460 4546.907543
0.279602 4509.035206
0.282743 4470.582281
0.285885 4431.585771
0.289027 4392.119328
0.292168 4352.257208
0.295310 4312.035514
0.298451 4271.541311
0.301593 4230.810302
0.304734 4189.929873
0.307876 4148.935483
0.311018 4107.901628
0.314159 4066.902853
0.317301 4025.974540
0.320442 3985.204202
0.323584 3944.627367
0.326726 3904.318545
0.329867 3864.351903
0.333009 3824.763482
0.336150 3785.639941
0.339292 3747.017857
0.342434 3708.971262
0.345575 3671.573461
0.348717 3634.862126
0.351858 3598.922088
0.355000 3563.791949
0.358142 3529.544778
0.361283 3496.252522
0.364425 3463.955470
0.367566 3432.735640
0.370708 3402.634641
0.373850 3373.724089
0.376991 3346.074085
0.380133 3319.728509
0.383274 3294.765487
0.386416 3271.201487
0.389557 3249.015733
0.392699 3228.148532
0.395841 3208.561587
0.398982 3190.214967
0.402124 3173.051425
0.405265 3157.036340
0.408407 3142.113949
0.411549 3128.243951
0.414690 3115.384708
0.417832 3103.482465
0.420973 3092.499252
0.424115 3082.382511
0.427257 3073.090302
0.430398 3064.579639
0.433540 3056.799536
0.436681 3049.709400
0.439823 3043.259149
0.442965 3037.405570
0.446106 3032.104690
0.449248 3027.307568
0.452389 3022.971711
0.455531 3019.048792
0.458673 3015.494684
0.461814 3012.264790
0.464956 3009.311490
0.468097 3006.591115
0.471239 3004.056368
0.474380 3001.663316
0.477522 2999.364869
0.480664 2997.116231
0.483805 2994.872542
0.486947 2992.586809
0.490088 2990.214938
0.493230 2987.709855
0.496372 2985.026720
0.499513 2982.120921
0.502655 2978.945041
0.505796 2975.455556
0.508938 2971.604678
0.512080 2967.355885
0.515221 2962.715219
0.518363 2957.698017
0.521504 2952.325765
0.524646 2946.613343
0.527788 2940.580709
0.530929 2934.248231
0.534071 2927.630176
0.537212 2920.749050
0.540354 2913.618771
0.543496 2906.259792
0.546637 2898.692861
0.549779 2890.931458
0.552920 2882.998817
0.556062 2874.908186
0.559203 2866.683007
0.562345 2858.336343
0.565487 2849.889097
0.568628 2841.362299
0.571770 2832.768821
0.574911 2824.132423
0.578053 2815.465908
0.581195 2806.790324
0.584336 2798.126729
0.587478 2789.487908
0.590619 2780.897651
0.593761 2772.368790
0.596903 2763.922372
0.600044 2755.579339
0.603186 2747.352680
0.606327 2739.265924
0.609469 2731.332220
0.612611 2723.572473
0.615752 2716.007362
0.618894 2708.650370
0.622035 2701.524472
0.625177 2694.643432
0.628319 2688.027860
0.631460 2681.698029
0.634602 2675.668209
0.637743 2669.959335
0.640885 2664.569330
0.644026 2659.492313
0.647168 2654.715511
0.650310 2650.231049
0.653451 2646.030678
0.656593 2642.102183
0.659734 2638.438531
0.662876 2635.027849
0.666018 2631.861803
0.669159 2628.931748
0.672301 2626.226279
0.675442 2623.737583
0.678584 2621.454535
0.681726 2619.368421
0.684867 2617.470273
0.688009 2615.749345
0.691150 2614.197196
0.694292 2612.803298
0.697434 2611.558630
0.700575 2610.453981
0.703717 2609.479109
0.706858 2608.625097
0.710000 2607.881864
0.713142 2607.240158
0.716283 2606.690599
0.719425 2606.223297
0.722566 2605.829015
0.725708 2605.497962
0.728849 2605.220814
0.731991 2604.987854
0.735133 2604.789639
0.738274 2604.616676
0.741416 2604.459319
0.744557 2604.308130
0.747699 2604.153475
0.750841 2603.985860
0.753982 2603.795809
0.757124 2603.573661
0.760265 2603.310023
0.763407 2602.995271
0.766549 2602.624068
0.769690 2602.196935
0.772832 2601.714422
0.775973 2601.177655
0.779115 2600.587114
0.782257 2599.943781
0.785398 2599.248707
0.788540 2598.502269
0.791681 2597.705764
0.794823 2596.859505
0.797965 2595.964558
0.801106 2595.022052
0.804248 2594.032207
0.807389 2592.996474
0.810531 2591.915013
0.813672 2590.789334
0.816814 2589.619540
0.819956 2588.406804
0.823097 2587.152352
0.826239 2585.856206
0.829380 2584.520012
0.832522 2583.143740
0.835664 2581.728628
0.838805 2580.275967
0.841947 2578.785653
0.845088 2577.259454
0.848230 2575.697218
0.851372 2574.100248
0.854513 2572.469888
0.857655 2570.805921
0.860796 2569.110226
0.863938 2567.382545
0.867080 2565.624232
0.870221 2563.836683
0.873363 2562.019580
0.876504 2560.174899
0.879646 2558.302288
0.882788 2556.403149
0.885929 2554.478920
0.889071 2552.529198
0.892212 2550.557078
0.895354 2548.566320
0.898495 2546.563805
0.901637 2544.553872
0.904779 2542.542775
0.907920 2540.536768
0.911062 2538.540188
0.914203 2536.559921
0.917345 2534.600321
0.920487 2532.667638
0.923628 2530.768087
0.926770 2528.906076
0.929911 2527.088401
0.933053 2525.319522
0.936195 2523.605641
0.939336 2521.952891
0.942478 2520.365836
0.945619 2518.851098
0.948761 2517.413329
0.951903 2516.058639
0.955044 2514.793035
0.958186 2513.621324
0.961327 2512.549867
0.964469 2511.583597
0.967611 2510.728487
0.970752 2509.990371
0.973894 2509.374395
0.977035 2508.886562
0.980177 2508.532179
0.983319 2508.317039
0.986460 2508.246756
0.989602 2508.326902
0.992743 2508.563038
0.995885 2508.960932
0.999026 2509.525941
1.002168 2510.264043
1.005310 2511.180700
1.008451 2512.281150
1.011593 2513.571708
1.014734 2515.057167
1.017876 2516.742014
1.021018 2518.614895
1.024159 2520.658060
1.027301 2522.855717
1.030442 2525.189384
1.033584 2527.643455
1.036726 2530.200110
1.039867 2532.841401
1.043009 2535.551919
1.046150 2538.312852
1.049292 2541.108867
1.052434 2543.921996
1.055575 2546.734249
1.058717 2549.530325
1.061858 2552.291360
1.065000 2555.002019
1.068142 2557.644321
1.071283 2560.200371
1.074425 2562.654705
1.077566 2564.988677
1.080708 2567.186679
1.083849 2569.230229
1.086991 2571.103536
1.090133 2572.788827
1.093274 2574.268570
1.096416 2575.526615
1.099557 2576.545076
1.102699 2577.307511
1.105841 2577.796459
1.108982 2577.994808
1.112124 2577.885595
1.115265 2577.451803
1.118407 2576.676064
1.121549 2575.541368
1.124690 2574.031160
1.127832 2572.127387
1.130973 2569.814177
1.134115 2567.072964
1.137257 2563.887322
1.140398 2560.241392
1.143540 2556.117551
1.146681 2551.536690
1.149823 2546.543981
1.152965 2541.189949
1.156106 2535.525579
1.159248 2529.596389
1.162389 2523.455257
1.165531 2517.147398
1.168672 2510.725931
1.171814 2504.235891
1.174956 2497.728444
1.178097 2491.254780
1.181239 2484.859900
1.184380 2478.596978
1.187522 2472.511153
1.190664 2466.653578
1.193805 2461.075118
1.196947 2455.821345
1.200088 2450.944707
1.203230 2446.491225
1.206372 2442.511649
1.209513 2439.056131
1.212655 2436.171594
1.215796 2433.908977
1.218938 2432.315966
1.222080 2431.442519
1.225221 2431.337680
1.228363 2432.050507
1.231504 2433.629649
1.234646 2436.125238
1.237788 2439.586048
1.240929 2444.059625
1.244071 2449.597945
1.247212 2456.246583
1.250354 2464.058900
1.253495 2473.079025
1.256637 2483.361827
1.259779 2494.953767
1.262920 2507.899639
1.266062 2522.256812
1.269203 2538.063956
1.272345 2555.252428
1.275487 2573.507692
1.278628 2592.489290
1.281770 2611.875060
1.284911 2631.318556
1.288053 2650.497913
1.291195 2669.072596
1.294336 2686.702842
1.297478 2703.065629
1.300619 2717.816437
1.303761 2730.630409
1.306903 2741.168242
1.310044 2749.093526
1.313186 2754.077061
1.316327 2755.781569
1.319469 2753.873889
1.322611 2748.018601
1.325752 2737.885314
1.328894 2723.133327
1.332035 2703.437926
1.335177 2678.452323
1.338318 2647.858316
1.341460 2611.302177
1.344602 2568.458400
1.347743 2519.009480
1.350885 2462.589684
1.354026 2398.900820
1.357168 2327.568088
1.360310 2248.276251
1.363451 2160.720202
1.366593 2064.509944
1.369734 1959.372614
1.372876 1844.907019
1.376018 1720.810852
1.379159 1586.794065
1.382301 1442.437076
1.385442 1287.497670
1.388584 1121.542942
1.391726 944.286176
1.394867 755.455040
