0.004712 50668.349485
0.007854 48469.645054
0.010996 46355.144408
0.014137 44323.593619
0.017279 42371.811807
0.020420 40499.154844
0.023562 38702.543025
0.026704 36980.697132
0.029845 35332.242776
0.032987 33754.243009
0.036128 32245.815777
0.039270 30804.113292
0.042412 29427.738879
0.045553 28115.212697
0.048695 26863.811700
0.051836 25672.445940
0.054978 24538.469515
0.058119 23460.717735
0.061261 22436.617040
0.064403 21464.631536
0.067544 20543.158989
0.070686 19669.725349
0.073827 18843.000080
0.076969 18060.569460
0.080111 17320.816175
0.083252 16622.068583
0.086394 15961.994453
0.089535 15339.127435
0.092677 14751.183615
0.095819 14196.479273
0.098960 13673.288378
0.102102 13179.390481
0.105243 12713.213458
0.108385 12272.573162
0.111527 11855.734488
0.114668 11460.932031
0.117810 11086.027093
0.120951 10729.371804
0.124093 10388.891826
0.127235 10063.606654
0.130376 9753.182764
0.133518 9457.015730
0.136659 9174.887479
0.139801 8906.211601
0.142942 8650.752524
0.146084 8407.940820
0.149226 8177.453013
0.152367 7958.949939
0.155509 7751.885701
0.158650 7555.985510
0.161792 7370.717860
0.164934 7195.739991
0.168075 7030.696042
0.171217 6875.074156
0.174358 6728.566799
0.177500 6590.673915
0.180642 6461.036695
0.183783 6339.285819
0.186925 6224.936997
0.190066 6117.656421
0.193208 6016.969014
0.196350 5922.503154
0.199491 5833.879299
0.202633 5750.634252
0.205774 5672.414405
0.208916 5598.763187
0.212058 5529.299399
0.215199 5463.636513
0.218341 5401.325951
0.221482 5342.000782
0.224624 5285.216464
0.227765 5230.602548
0.230907 5177.717490
0.234049 5126.172126
0.237190 5075.575582
0.240332 5025.488930
0.243473 4975.631090
0.246615 4925.942870
0.249757 4876.467023
0.252898 4827.246029
0.256040 4778.275392
0.259181 4729.613118
0.262323 4681.255066
0.265465 4633.243629
0.268606 4585.620758
0.271748 4538.382975
0.274889 4491.587181
0.278031 4445.230425
0.281173 4399.354526
0.284314 4354.000692
0.287456 4309.166890
0.290597 4264.908490
0.293739 4221.224157
0.296881 4178.154924
0.300022 4135.741040
0.303164 4093.982346
0.306305 4052.932254
0.309447 4012.591471
0.312588 3973.012510
0.315730 3934.197013
0.318872 3896.184554
0.322013 3859.013684
0.325155 3822.687579
0.328296 3787.256196
0.331438 3752.723820
0.334580 3719.128724
0.337721 3686.507989
0.340863 3654.867690
0.344004 3624.254800
0.347146 3594.676672
0.350288 3566.170066
0.353429 3538.770381
0.356571 3512.487015
0.359712 3487.360802
0.362854 3463.364357
0.365996 3440.469641
0.369137 3418.646705
0.372279 3397.844932
0.375420 3378.040857
0.378562 3359.185149
0.381704 3341.247535
0.384845 3324.196579
0.387987 3307.984700
0.391128 3292.585512
0.394270 3277.952488
0.397411 3264.058237
0.400553 3250.857190
0.403695 3238.317154
0.406836 3226.405094
0.409978 3215.076704
0.413119 3204.302489
0.416261 3194.038867
0.419403 3184.252622
0.422544 3174.909931
0.425686 3165.968123
0.428827 3157.396185
0.431969 3149.151936
0.435111 3141.201431
0.438252 3133.510350
0.441394 3126.037074
0.444535 3118.749654
0.447677 3111.606727
0.450819 3104.573911
0.453960 3097.616680
0.457102 3090.693884
0.460243 3083.773222
0.463385 3076.813566
0.466527 3069.780387
0.469668 3062.639248
0.472810 3055.348880
0.475951 3047.877268
0.479093 3040.196700
0.482234 3032.321314
0.485376 3024.259964
0.488518 3016.029002
0.491659 3007.644992
0.494801 2999.116467
0.497942 2990.462719
0.501084 2981.692109
0.504226 2972.821244
0.507367 2963.866862
0.510509 2954.837132
0.513650 2945.751664
0.516792 2936.618544
0.519934 2927.454529
0.523075 2918.276416
0.526217 2909.092231
0.529358 2899.921684
0.532500 2890.772806
0.535642 2881.662392
0.538783 2872.607189
0.541925 2863.615301
0.545066 2854.706316
0.548208 2845.888432
0.551350 2837.178370
0.554491 2828.592719
0.557633 2820.139880
0.560774 2811.839098
0.563916 2803.698958
0.567057 2795.738506
0.570199 2787.966542
0.573341 2780.399503
0.576482 2773.053566
0.579624 2765.937922
0.582765 2759.070966
0.585907 2752.462195
0.589049 2746.127708
0.592190 2740.083256
0.595332 2734.337287
0.598473 2728.890975
0.601615 2723.730267
0.604757 2718.846273
0.607898 2714.229754
0.611040 2709.867101
0.614181 2705.750429
0.617323 2701.866450
0.620465 2698.205843
0.623606 2694.759001
0.626748 2691.513065
0.629889 2688.459436
0.633031 2685.585503
0.636173 2682.881599
0.639314 2680.337839
0.642456 2677.941935
0.645597 2675.684752
0.648739 2673.554183
0.651880 2671.540922
0.655022 2669.633021
0.658164 2667.820469
0.661305 2666.093132
0.664447 2664.439244
0.667588 2662.849195
0.670730 2661.311306
0.673872 2659.815421
0.677013 2658.351333
0.680155 2656.907444
0.683296 2655.474008
0.686438 2654.039447
0.689580 2652.593548
0.692721 2651.126111
0.695863 2649.625537
0.699004 2648.082117
0.702146 2646.484202
0.705288 2644.821605
0.708429 2643.084222
0.711571 2641.260336
0.714712 2639.345887
0.717854 2637.344269
0.720996 2635.261740
0.724137 2633.104660
0.727279 2630.877316
0.730420 2628.586784
0.733562 2626.237266
0.736703 2623.835917
0.739845 2621.386867
0.742987 2618.896536
0.746128 2616.371393
0.749270 2613.815493
0.752411 2611.236121
0.755553 2608.637293
0.758695 2606.025491
0.761836 2603.407211
0.764978 2600.786445
0.768119 2598.170521
0.771261 2595.563433
0.774403 2592.971678
0.777544 2590.401731
0.780686 2587.857617
0.783827 2585.346614
0.786969 2582.872783
0.790111 2580.442591
0.793252 2578.062450
0.796394 2575.736505
0.799535 2573.471894
0.802677 2571.272837
0.805819 2569.145726
0.808960 2567.096863
0.812102 2565.130604
0.815243 2563.253858
0.818385 2561.471091
0.821526 2559.789097
0.824668 2558.212465
0.827810 2556.747409
0.830951 2555.399058
0.834093 2554.164707
0.837234 2553.040496
0.840376 2552.021054
0.843518 2551.102097
0.846659 2550.279215
0.849801 2549.547228
0.852942 2548.901947
0.856084 2548.338305
0.859226 2547.851863
0.862367 2547.438084
0.865509 2547.092049
0.868650 2546.809323
0.871792 2546.585069
0.874934 2546.414730
0.878075 2546.293680
0.881217 2546.217184
0.884358 2546.180638
0.887500 2546.179360
0.890642 2546.208712
0.893783 2546.264015
0.896925 2546.340647
0.900066 2546.433905
0.903208 2546.539191
0.906349 2546.651785
0.909491 2546.767102
0.912633 2546.880449
0.915774 2546.987136
0.918916 2547.082575
0.922057 2547.162049
0.925199 2547.220955
0.928341 2547.254605
0.931482 2547.258346
0.934624 2547.227524
0.937765 2547.157504
0.940907 2547.043585
0.944049 2546.881126
0.947190 2546.665606
0.950332 2546.395236
0.953473 2546.072745
0.956615 2545.700809
0.959757 2545.282405
0.962898 2544.820567
0.966040 2544.317885
0.969181 2543.777557
0.972323 2543.202121
0.975465 2542.594626
0.978606 2541.958161
0.981748 2541.295201
0.984889 2540.609050
0.988031 2539.902151
0.991172 2539.177835
0.994314 2538.438521
0.997456 2537.687321
1.000597 2536.927359
1.003739 2536.161033
1.006880 2535.391711
1.010022 2534.621784
1.013164 2533.854379
1.016305 2533.092620
1.019447 2532.338903
1.022588 2531.596588
1.025730 2530.868083
1.028872 2530.156510
1.032013 2529.464967
1.035155 2528.795895
1.038296 2528.152600
1.041438 2527.537554
1.044580 2526.953848
1.047721 2526.404534
1.050863 2525.892143
1.054004 2525.419882
1.057146 2524.990331
1.060288 2524.606529
1.063429 2524.271457
1.066571 2523.987144
1.069712 2523.752656
1.072854 2523.565622
1.075995 2523.423944
1.079137 2523.325311
1.082279 2523.267557
1.085420 2523.248461
1.088562 2523.265790
1.091703 2523.317317
1.094845 2523.400854
1.097987 2523.514169
1.101128 2523.654994
1.104270 2523.821199
1.107411 2524.010459
1.110553 2524.220675
1.113695 2524.449571
1.116836 2524.694846
1.119978 2524.954436
1.123119 2525.225959
1.126261 2525.507366
1.129403 2525.796354
1.132544 2526.090607
1.135686 2526.388095
1.138827 2526.686408
1.141969 2526.983517
1.145111 2527.277108
1.148252 2527.564869
1.151394 2527.844764
1.154535 2528.114396
1.157677 2528.371719
1.160818 2528.614348
1.163960 2528.840220
1.167102 2529.047034
1.170243 2529.232515
1.173385 2529.394561
1.176526 2529.530851
1.179668 2529.639252
1.182810 2529.717572
1.185951 2529.765831
1.189093 2529.786540
1.192234 2529.782295
1.195376 2529.755707
1.198518 2529.709383
1.201659 2529.645959
1.204801 2529.568005
1.207942 2529.478181
1.211084 2529.379040
1.214226 2529.273222
1.217367 2529.163374
1.220509 2529.052037
1.223650 2528.941891
1.226792 2528.835479
1.229934 2528.735446
1.233075 2528.644433
1.236217 2528.564993
1.239358 2528.499785
1.242500 2528.451380
1.245641 2528.422419
1.248783 2528.415494
1.251925 2528.433230
1.255066 2528.478220
1.258208 2528.553102
1.261349 2528.660441
1.264491 2528.802915
1.267633 2528.983107
1.270774 2529.203552
1.273916 2529.467002
1.277057 2529.775900
1.280199 2530.133052
1.283341 2530.540980
1.286482 2531.002141
1.289624 2531.519438
1.292765 2532.095153
1.295907 2532.732263
1.299049 2533.433208
