0.003142 50171.493864
0.006283 48129.675247
0.009425 46158.527508
0.012566 44257.863903
0.015708 42425.032135
0.018850 40659.205914
0.021991 38959.473655
0.025133 37323.311003
0.028274 35750.317981
0.031416 34238.050936
0.034558 32785.578108
0.037699 31391.891624
0.040841 30054.662001
0.043982 28773.298980
0.047124 27545.544599
0.050265 26370.738915
0.053407 25246.691814
0.056549 24172.343163
0.059690 23146.569559
0.062832 22167.275786
0.065973 21233.643744
0.069115 20343.636888
0.072257 19496.117150
0.075398 18689.892380
0.078540 17923.007157
0.081681 17194.508176
0.084823 16502.489505
0.087965 15845.746623
0.091106 15223.030105
0.094248 14632.501374
0.097389 14073.094869
0.100531 13543.012327
0.103673 13040.994245
0.106814 12565.745394
0.109956 12115.521098
0.113097 11689.166487
0.116239 11284.968016
0.119381 10901.622675
0.122522 10537.800909
0.125664 10191.828990
0.128805 9862.485689
0.131947 9548.187224
0.135088 9248.398997
0.138230 8962.545455
0.141372 8690.343140
0.144513 8431.491218
0.147655 8185.443797
0.150796 7951.976582
0.153938 7730.559844
0.157080 7520.888708
0.160221 7322.643349
0.163363 7135.316462
0.166504 6958.646377
0.169646 6792.139530
0.172788 6635.472660
0.175929 6488.309980
0.179071 6350.176714
0.182212 6220.779878
0.185354 6099.656008
0.188496 5986.466489
0.191637 5880.862608
0.194779 5782.396049
0.197920 5690.748580
0.201062 5605.480772
0.204204 5526.241691
0.207345 5452.672726
0.210487 5384.345960
0.213628 5320.923976
0.216770 5261.985318
0.219911 5207.186591
0.223053 5156.111830
0.226195 5108.397944
0.229336 5063.677563
0.232478 5021.541140
0.235619 4981.634585
0.238761 4943.551415
0.241903 4906.923494
0.245044 4871.380835
0.248186 4836.519733
0.251327 4801.981468
0.254469 4767.362975
0.257611 4732.300810
0.260752 4696.624838
0.263894 4660.347934
0.267035 4623.540350
0.270177 4586.225829
0.273319 4548.463198
0.276460 4510.311854
0.279602 4471.794687
0.282743 4432.983372
0.285885 4393.900378
0.289027 4354.605206
0.292168 4315.157630
0.295310 4275.579713
0.298451 4235.943805
0.301593 4196.271851
0.304734 4156.636263
0.307876 4117.058982
0.311018 4077.599828
0.314159 4038.318466
0.317301 3999.237066
0.320442 3960.427663
0.323584 3921.912727
0.326726 3883.751849
0.329867 3846.004171
0.333009 3808.692838
0.336150 3771.888759
0.339292 3735.615681
0.342434 3699.932593
0.345575 3664.897737
0.348717 3630.535985
0.351858 3596.916368
0.355000 3564.064660
0.358142 3532.038876
0.361283 3500.895980
0.364425 3470.663322
0.367566 3441.407305
0.370708 3413.156482
0.373850 3385.967515
0.376991 3359.895717
0.380133 3334.971666
0.383274 3311.258302
0.386416 3288.764352
0.389557 3267.473325
0.392699 3247.332999
0.395841 3228.311669
0.398982 3210.376204
0.402124 3193.476522
0.405265 3177.584732
0.408407 3162.652055
0.411549 3148.645034
0.414690 3135.529034
0.417832 3123.257041
0.420973 3111.798222
0.424115 3101.106616
0.427257 3091.147326
0.430398 3081.884522
0.433540 3073.273642
0.436681 3065.281522
0.439823 3057.864411
0.442965 3050.986275
0.446106 3044.610397
0.449248 3038.694053
0.452389 3033.202363
0.455531 3028.093169
0.458673 3023.329611
0.461814 3018.874389
0.464956 3014.686003
0.468097 3010.728475
0.471239 3006.960621
0.474380 3003.346193
0.477522 2999.844227
0.480664 2996.417224
0.483805 2993.027587
0.486947 2989.634496
0.490088 2986.201464
0.493230 2982.687642
0.496372 2979.055443
0.499513 2975.267428
0.502655 2971.282523
0.505796 2967.064617
0.508938 2962.572363
0.512080 2957.775073
0.515221 2952.677585
0.518363 2947.291340
0.521504 2941.634454
0.524646 2935.718022
0.527788 2929.558499
0.530929 2923.172651
0.534071 2916.571107
0.537212 2909.772758
0.540354 2902.787968
0.543496 2895.633569
0.546637 2888.326610
0.549779 2880.877133
0.552920 2873.304566
0.556062 2865.618783
0.559203 2857.839365
0.562345 2849.976052
0.565487 2842.046005
0.568628 2834.066469
0.571770 2826.047058
0.574911 2818.007565
0.578053 2809.957565
0.581195 2801.914313
0.584336 2793.895056
0.587478 2785.909382
0.590619 2777.977062
0.593761 2770.107739
0.596903 2762.318647
0.600044 2754.626916
0.603186 2747.042343
0.606327 2739.584444
0.609469 2732.263164
0.612611 2725.095597
0.615752 2718.098640
0.618894 2711.282532
0.622035 2704.666301
0.625177 2698.260428
0.628319 2692.081750
0.631460 2686.146815
0.634602 2680.466538
0.637743 2675.058266
0.640885 2669.919831
0.644026 2665.047069
0.647168 2660.429261
0.650310 2656.060379
0.653451 2651.934082
0.656593 2648.040124
0.659734 2644.373371
0.662876 2640.923870
0.666018 2637.685205
0.669159 2634.650691
0.672301 2631.810781
0.675442 2629.159666
0.678584 2626.688042
0.681726 2624.389164
0.684867 2622.256065
0.688009 2620.279771
0.691150 2618.453926
0.694292 2616.769749
0.697434 2615.220228
0.700575 2613.798174
0.703717 2612.495067
0.706858 2611.304122
0.710000 2610.216962
0.713142 2609.226367
0.716283 2608.324989
0.719425 2607.504639
0.722566 2606.758223
0.725708 2606.077651
0.728849 2605.455741
0.731991 2604.884480
0.735133 2604.356457
0.738274 2603.864202
0.741416 2603.399787
0.744557 2602.955893
0.747699 2602.524619
0.750841 2602.098492
0.753982 2601.670029
0.757124 2601.231341
0.760265 2600.775092
0.763407 2600.293436
0.766549 2599.781845
0.769690 2599.239965
0.772832 2598.667239
0.775973 2598.063819
0.779115 2597.429105
0.782257 2596.763073
0.785398 2596.065736
0.788540 2595.336438
0.791681 2594.575428
0.794823 2593.782010
0.797965 2592.956207
0.801106 2592.098085
0.804248 2591.206883
0.807389 2590.282957
0.810531 2589.325504
0.813672 2588.334921
0.816814 2587.310364
0.819956 2586.251930
0.823097 2585.159758
0.826239 2584.032940
0.829380 2582.871981
0.832522 2581.675927
0.835664 2580.444930
0.838805 2579.179185
0.841947 2577.877672
0.845088 2576.541008
0.848230 2575.168128
0.851372 2573.759238
0.854513 2572.314591
0.857655 2570.833053
0.860796 2569.315356
0.863938 2567.760319
0.867080 2566.168206
0.870221 2564.539329
0.873363 2562.872437
0.876504 2561.168379
0.879646 2559.425855
0.882788 2557.645189
0.885929 2555.826754
0.889071 2553.969178
0.892212 2552.074812
0.895354 2550.147829
0.898495 2548.195634
0.901637 2546.223164
0.904779 2544.237220
0.907920 2542.244618
0.911062 2540.250271
0.914203 2538.261625
0.917345 2536.283596
0.920487 2534.323000
0.923628 2532.386631
0.926770 2530.479436
0.929911 2528.608809
0.933053 2526.779738
0.936195 2524.999007
0.939336 2523.273339
0.942478 2521.607815
0.945619 2520.009673
0.948761 2518.484077
0.951903 2517.037729
0.955044 2515.677230
0.958186 2514.407893
0.961327 2513.236706
0.964469 2512.169103
0.967611 2511.211655
0.970752 2510.370793
0.973894 2509.652161
0.977035 2509.062397
0.980177 2508.607303
0.983319 2508.293273
0.986460 2508.126516
0.989602 2508.113107
0.992743 2508.259232
0.995885 2508.571166
0.999026 2509.054888
1.002168 2509.716887
1.005310 2510.563217
1.008451 2511.599702
1.011593 2512.833180
1.014734 2514.269046
1.017876 2515.912240
1.021018 2517.751340
1.024159 2519.768280
1.027301 2521.946924
1.030442 2524.268478
1.033584 2526.717000
1.036726 2529.274353
1.039867 2531.922258
1.043009 2534.644983
1.046150 2537.423385
1.049292 2540.241817
1.052434 2543.081978
1.055575 2545.925543
1.058717 2548.756906
1.061858 2551.556852
1.065000 2554.309748
1.068142 2556.997275
1.071283 2559.601195
1.074425 2562.105751
1.077566 2564.491936
1.080708 2566.743854
1.083849 2568.842659
1.086991 2570.772272
1.090133 2572.514577
1.093274 2574.051696
1.096416 2575.367191
1.099557 2576.442815
1.102699 2577.261833
1.105841 2577.806444
1.108982 2578.059192
1.112124 2578.002821
1.115265 2577.619956
1.118407 2576.892936
1.121549 2575.804409
1.124690 2574.337481
1.127832 2572.473800
1.130973 2570.197142
1.134115 2567.488641
1.137257 2564.331532
1.140398 2560.709622
1.143540 2556.604994
1.146681 2552.038495
1.149823 2547.055524
1.152965 2541.706826
1.156106 2536.043614
1.159248 2530.111631
1.162389 2523.963984
1.165531 2517.646108
1.168672 2511.211356
1.171814 2504.704979
1.174956 2498.178375
1.178097 2491.682965
1.181239 2485.263963
1.184380 2478.974786
1.187522 2472.860779
1.190664 2466.973332
1.193805 2461.363544
1.196947 2456.077195
1.200088 2451.166979
1.203230 2446.679121
1.206372 2442.664608
1.209513 2439.173829
1.212655 2436.253911
1.215796 2433.956041
1.218938 2432.328109
1.222080 2431.420310
1.225221 2431.281925
1.228363 2431.962215
1.231504 2433.510079
1.234646 2435.975851
1.237788 2439.408544
1.240929 2443.855938
1.244071 2449.370216
1.247212 2455.997197
1.250354 2463.790452
1.253495 2472.794350
1.256637 2483.063975
1.259779 2494.646018
1.262920 2507.585504
1.266062 2521.940020
1.269203 2537.748464
1.272345 2554.942238
1.275487 2573.206527
1.278628 2592.200549
1.281770 2611.601835
1.284911 2631.063614
1.288053 2650.263715
1.291195 2668.861282
1.294336 2686.516227
1.297478 2702.905228
1.300619 2717.683430
1.303761 2730.525682
1.306903 2741.092351
1.310044 2749.046704
1.313186 2754.059243
1.316327 2755.792355
1.319469 2753.912581
1.322611 2748.084176
1.325752 2737.976424
1.328894 2723.248325
1.332035 2703.574833
1.335177 2678.608857
1.338318 2648.031867
1.341460 2611.489831
1.344602 2568.656918
1.347743 2519.215306
1.350885 2462.798952
1.354026 2399.109344
1.357168 2327.771366
1.360310 2248.469463
1.363451 2160.898219
1.366593 2064.667310
1.369734 1959.503571
1.372876 1845.005474
1.376018 1720.870404
1.379159 1586.808014
1.382301 1442.398375
1.385442 1287.398989
1.388584 1121.376598
1.391726 944.044186
1.394867 755.129134
