0.004712 51183.074329
0.007854 48866.597060
0.010996 46643.511305
0.014137 44512.290954
0.017279 42469.389213
0.020420 40513.917629
0.023562 38642.441312
0.026704 36853.406181
0.029845 35145.153211
0.032987 33514.404924
0.036128 31960.010519
0.039270 30478.790487
0.042412 29069.061314
0.045553 27729.048480
0.048695 26455.708981
0.051836 25247.664511
0.054978 24101.956098
0.058119 23017.124191
0.061261 21990.288273
0.064403 21019.612895
0.067544 20103.191117
0.070686 19238.249654
0.073827 18423.150239
0.076969 17655.184102
0.080111 16932.428177
0.083252 16252.901848
0.086394 15613.982669
0.089535 15013.888501
0.092677 14450.047478
0.095819 13920.466340
0.098960 13423.108215
0.102102 12955.466653
0.105243 12515.650489
0.108385 12101.189913
0.111527 11710.038894
0.114668 11340.121730
0.117810 10989.013117
0.120951 10654.747714
0.124093 10334.972876
0.127235 10028.593441
0.130376 9735.327993
0.133518 9454.646032
0.136659 9186.382604
0.139801 8930.023129
0.142942 8685.387171
0.146084 8451.975195
0.149226 8229.523064
0.152367 8017.752691
0.155509 7816.185467
0.158650 7624.606078
0.161792 7442.548773
0.164934 7269.732251
0.168075 7105.863446
0.171217 6950.494251
0.174358 6803.379946
0.177500 6664.083091
0.180642 6532.307955
0.183783 6407.749231
0.186925 6289.983844
0.190066 6178.743135
0.193208 6073.612509
0.196350 5974.284538
0.199491 5880.444410
0.202633 5791.688608
0.205774 5707.730010
0.208916 5628.171389
0.212058 5552.696362
0.215199 5480.983343
0.218341 5412.642905
0.221482 5347.374931
0.224624 5284.794095
0.227765 5224.596614
0.230907 5166.400393
0.234049 5109.881098
0.237190 5054.712261
0.240332 5000.515032
0.243473 4947.055967
0.246615 4894.263828
0.249757 4842.162426
0.252898 4790.774693
0.256040 4740.074589
0.259181 4690.101065
0.262323 4640.828981
0.265465 4592.281043
0.268606 4544.479036
0.271748 4497.399204
0.274889 4451.078192
0.278031 4405.493188
0.281173 4360.665739
0.284314 4316.616431
0.287456 4273.323895
0.290597 4230.822368
0.293739 4189.091468
0.296881 4148.151533
0.300022 4108.021894
0.303164 4068.683679
0.306305 4030.168609
0.309447 3992.458838
0.312588 3955.585049
0.315730 3919.530443
0.318872 3884.313576
0.322013 3849.951933
0.325155 3816.430316
0.328296 3783.776741
0.331438 3751.977098
0.334580 3721.048601
0.337721 3691.007358
0.340863 3661.840920
0.344004 3633.574531
0.347146 3606.196875
0.350288 3579.723774
0.353429 3554.169902
0.356571 3529.525668
0.359712 3505.811981
0.362854 3483.000022
0.365996 3461.070515
0.369137 3440.002788
0.372279 3419.756190
0.375420 3400.316382
0.378562 3381.643748
0.381704 3363.717357
0.384845 3346.515331
0.387987 3329.999476
0.391128 3314.153082
0.394270 3298.938818
0.397411 3284.339144
0.400553 3270.317526
0.403695 3256.851462
0.406836 3243.917744
0.409978 3231.480897
0.413119 3219.521614
0.416261 3208.005040
0.419403 3196.907812
0.422544 3186.206032
0.425686 3175.865650
0.428827 3165.866019
0.431969 3156.173536
0.435111 3146.764190
0.438252 3137.613613
0.441394 3128.688740
0.444535 3119.968025
0.447677 3111.418679
0.450819 3103.016262
0.453960 3094.736150
0.457102 3086.545833
0.460243 3078.423297
0.463385 3070.336134
0.466527 3062.259692
0.469668 3054.169308
0.472810 3046.032593
0.475951 3037.827536
0.479093 3029.531521
0.482234 3021.155472
0.485376 3012.703005
0.488518 3004.185724
0.491659 2995.615316
0.494801 2986.995274
0.497942 2978.340027
0.501084 2969.653014
0.504226 2960.945936
0.507367 2952.230518
0.510509 2943.510160
0.513650 2934.799357
0.516792 2926.101511
0.519934 2917.428348
0.523075 2908.791561
0.526217 2900.194600
0.529358 2891.651882
0.532500 2883.166916
0.535642 2874.751380
0.538783 2866.416865
0.541925 2858.167014
0.545066 2850.016022
0.548208 2841.967647
0.551350 2834.033452
0.554491 2826.224851
0.557633 2818.545822
0.560774 2811.010197
0.563916 2803.622127
0.567057 2796.395258
0.570199 2789.333938
0.573341 2782.449444
0.576482 2775.752827
0.579624 2769.248774
0.582765 2762.950367
0.585907 2756.862546
0.589049 2750.996299
0.592190 2745.362333
0.595332 2739.964919
0.598473 2734.805113
0.601615 2729.871641
0.604757 2725.158132
0.607898 2720.657937
0.611040 2716.360142
0.614181 2712.259440
0.617323 2708.345172
0.620465 2704.610624
0.623606 2701.048855
0.626748 2697.649548
0.629889 2694.406824
0.633031 2691.310570
0.636173 2688.353793
0.639314 2685.529324
0.642456 2682.827316
0.645597 2680.241444
0.648739 2677.762015
0.651880 2675.382564
0.655022 2673.093527
0.658164 2670.887627
0.661305 2668.757483
0.664447 2666.693690
0.667588 2664.689518
0.670730 2662.735643
0.673872 2660.824663
0.677013 2658.949120
0.680155 2657.099774
0.683296 2655.269756
0.686438 2653.449854
0.689580 2651.632604
0.692721 2649.810538
0.695863 2647.974448
0.699004 2646.117459
0.702146 2644.230341
0.705288 2642.305632
0.708429 2640.335917
0.711571 2638.311936
0.714712 2636.231034
0.717854 2634.095348
0.720996 2631.909785
0.724137 2629.679315
0.727279 2627.406771
0.730420 2625.097849
0.733562 2622.755331
0.736703 2620.384959
0.739845 2617.989475
0.742987 2615.573882
0.746128 2613.143211
0.749270 2610.700166
0.752411 2608.250551
0.755553 2605.797060
0.758695 2603.344724
0.761836 2600.898574
0.764978 2598.461305
0.768119 2596.038719
0.771261 2593.633524
0.774403 2591.250749
0.777544 2588.895391
0.780686 2586.570202
0.783827 2584.280914
0.786969 2582.030321
0.790111 2579.823410
0.793252 2577.665114
0.796394 2575.558311
0.799535 2573.508592
0.802677 2571.518904
0.805819 2569.594162
0.808960 2567.739198
0.812102 2565.957084
0.815243 2564.253204
0.818385 2562.630725
0.821526 2561.094931
0.824668 2559.649096
0.827810 2558.297975
0.830951 2557.045462
0.834093 2555.889087
0.837234 2554.825711
0.840376 2553.850768
0.843518 2552.960725
0.846659 2552.151938
0.849801 2551.420007
0.852942 2550.761512
0.856084 2550.172148
0.859226 2549.648248
0.862367 2549.186061
0.865509 2548.781408
0.868650 2548.430660
0.871792 2548.129709
0.874934 2547.874785
0.878075 2547.662064
0.881217 2547.487523
0.884358 2547.347388
0.887500 2547.237683
0.890642 2547.154571
0.893783 2547.094180
0.896925 2547.052585
0.900066 2547.025928
0.903208 2547.010304
0.906349 2547.001840
0.909491 2546.996643
0.912633 2546.990828
0.915774 2546.980514
0.918916 2546.961806
0.922057 2546.930832
0.925199 2546.883685
0.928341 2546.816486
0.931482 2546.725380
0.934624 2546.606422
0.937765 2546.455803
0.940907 2546.269541
0.944049 2546.043791
0.947190 2545.774809
0.950332 2545.461057
0.953473 2545.104901
0.956615 2544.708551
0.959757 2544.274552
0.962898 2543.805499
0.966040 2543.303529
0.969181 2542.771399
0.972323 2542.211208
0.975465 2541.625559
0.978606 2541.017088
0.981748 2540.387845
0.984889 2539.740667
0.988031 2539.077580
0.991172 2538.401443
0.994314 2537.714263
0.997456 2537.018692
1.000597 2536.317392
1.003739 2535.612354
1.006880 2534.906464
1.010022 2534.201710
1.013164 2533.500755
1.016305 2532.806258
1.019447 2532.120215
1.022588 2531.445497
1.025730 2530.784115
1.028872 2530.138722
1.032013 2529.511954
1.035155 2528.905849
1.038296 2528.323230
1.041438 2527.766163
1.044580 2527.237277
1.047721 2526.739163
1.050863 2526.273942
1.054004 2525.844347
1.057146 2525.452542
1.060288 2525.101108
1.063429 2524.792574
1.066571 2524.528637
1.069712 2524.308494
1.072854 2524.130093
1.075995 2523.991636
1.079137 2523.891124
1.082279 2523.826694
1.085420 2523.796439
1.088562 2523.798427
1.091703 2523.830747
1.094845 2523.891506
1.097987 2523.978787
1.101128 2524.090639
1.104270 2524.225220
1.107411 2524.380534
1.110553 2524.554768
1.113695 2524.745963
1.116836 2524.952140
1.119978 2525.171518
1.123119 2525.402045
1.126261 2525.641957
1.129403 2525.889271
1.132544 2526.141991
1.135686 2526.398368
1.138827 2526.656328
1.141969 2526.914122
1.145111 2527.169756
1.148252 2527.421240
1.151394 2527.666820
1.154535 2527.904430
1.157677 2528.132309
1.160818 2528.348401
1.163960 2528.550933
1.167102 2528.737919
1.170243 2528.907399
1.173385 2529.057566
1.176526 2529.186416
1.179668 2529.292118
1.182810 2529.372779
1.185951 2529.428380
1.189093 2529.461028
1.192234 2529.472882
1.195376 2529.466130
1.198518 2529.442948
1.201659 2529.405532
1.204801 2529.356038
1.207942 2529.296679
1.211084 2529.229599
1.214226 2529.156996
1.217367 2529.081076
1.220509 2529.003974
1.223650 2528.927918
1.226792 2528.855041
1.229934 2528.787549
1.233075 2528.727642
1.236217 2528.677463
1.239358 2528.639224
1.242500 2528.615083
1.245641 2528.607234
1.248783 2528.617855
1.251925 2528.649132
1.255066 2528.703226
1.258208 2528.782353
1.261349 2528.888643
1.264491 2529.024344
1.267633 2529.191610
1.270774 2529.392552
1.273916 2529.629479
1.277057 2529.904422
1.280199 2530.219737
1.283341 2530.577523
1.286482 2530.979828
1.289624 2531.429089
1.292765 2531.927200
1.295907 2532.476659
1.299049 2533.079499
