0.003142 51533.125954
0.006283 49194.976800
0.009425 46949.193475
0.012566 44795.093118
0.015708 42729.190843
0.018850 40750.072977
0.021991 38856.215374
0.025133 37044.298854
0.028274 35313.364383
0.031416 33660.196522
0.034558 32083.245193
0.037699 30580.863297
0.040841 29149.980924
0.043982 27789.396496
0.047124 26496.130391
0.050265 25268.893433
0.053407 24104.790909
0.056549 23002.110024
0.059690 21959.059795
0.062832 20972.862788
0.065973 20042.034365
0.069115 19163.868548
0.072257 18336.556493
0.075398 17558.224621
0.078540 16826.264053
0.081681 16139.028322
0.084823 15493.966553
0.087965 14889.190670
0.091106 14322.761311
0.094248 13792.204524
0.097389 13295.745641
0.100531 12830.955263
0.103673 12395.882894
0.106814 11988.540204
0.109956 11606.554540
0.113097 11248.056663
0.116239 10910.705017
0.119381 10592.503503
0.122522 10291.431640
0.125664 10005.184441
0.128805 9731.831725
0.131947 9469.206671
0.135088 9216.616872
0.138230 8973.662470
0.141372 8740.192742
0.144513 8516.044891
0.147655 8300.843542
0.150796 8094.493128
0.153938 7896.629607
0.157080 7707.087349
0.160221 7525.690131
0.163363 7352.089799
0.166504 7186.164306
0.169646 7027.575350
0.172788 6876.144245
0.175929 6731.683195
0.179071 6593.867565
0.182212 6462.552528
0.185354 6337.421821
0.188496 6218.285554
0.191637 6104.946208
0.194779 5997.098963
0.197920 5894.579918
0.201062 5797.091144
0.204204 5704.433399
0.207345 5616.401291
0.210487 5532.706116
0.213628 5453.168598
0.216770 5377.505441
0.219911 5305.532258
0.223053 5236.970568
0.226195 5171.611147
0.229336 5109.240691
0.232478 5049.586836
0.235619 4992.455002
0.238761 4937.576162
0.241903 4884.736179
0.245044 4833.718320
0.248186 4784.257451
0.251327 4736.152503
0.254469 4689.140196
0.257611 4643.006916
0.260752 4597.640902
0.263894 4553.003217
0.267035 4509.118416
0.270177 4465.954696
0.273319 4423.522286
0.276460 4381.830483
0.279602 4340.848881
0.282743 4300.599707
0.285885 4261.053474
0.289027 4222.219250
0.292168 4184.105196
0.295310 4146.683183
0.298451 4109.973174
0.301593 4073.947935
0.304734 4038.626538
0.307876 4003.982634
0.311018 3970.023717
0.314159 3936.756410
0.317301 3904.155670
0.320442 3872.238392
0.323584 3840.980391
0.326726 3810.388077
0.329867 3780.467009
0.333009 3751.194275
0.336150 3722.584652
0.339292 3694.616061
0.342434 3667.293856
0.345575 3640.622564
0.348717 3614.581343
0.351858 3589.182912
0.355000 3564.407238
0.358142 3540.258648
0.361283 3516.740669
0.364425 3493.834468
0.367566 3471.550766
0.370708 3449.871515
0.373850 3428.800047
0.376991 3408.338919
0.380133 3388.471243
0.383274 3369.205798
0.386416 3350.523633
0.389557 3332.423360
0.392699 3314.879218
0.395841 3297.882823
0.398982 3281.425092
0.402124 3265.481312
0.405265 3250.047402
0.408407 3235.099300
0.411549 3220.627762
0.414690 3206.622936
0.417832 3193.061670
0.420973 3179.938366
0.424115 3167.230435
0.427257 3154.927884
0.430398 3143.020205
0.433540 3131.485582
0.436681 3120.317128
0.439823 3109.493497
0.442965 3099.004063
0.446106 3088.837775
0.449248 3078.973925
0.452389 3069.404563
0.455531 3060.109362
0.458673 3051.077174
0.461814 3042.296520
0.464956 3033.747573
0.468097 3025.421546
0.471239 3017.298904
0.474380 3009.370588
0.477522 3001.617315
0.480664 2994.027401
0.483805 2986.588953
0.486947 2979.283000
0.490088 2972.099964
0.493230 2965.021036
0.496372 2958.034285
0.499513 2951.127658
0.502655 2944.282524
0.505796 2937.489011
0.508938 2930.728559
0.512080 2923.991127
0.515221 2917.277313
0.518363 2910.584800
0.521504 2903.919809
0.524646 2897.280060
0.527788 2890.669639
0.530929 2884.092598
0.534071 2877.546711
0.537212 2871.038106
0.540354 2864.564599
0.543496 2858.130232
0.546637 2851.738995
0.549779 2845.388779
0.552920 2839.085588
0.556062 2832.827370
0.559203 2826.620070
0.562345 2820.461697
0.565487 2814.356197
0.568628 2808.307450
0.571770 2802.313565
0.574911 2796.380320
0.578053 2790.505898
0.581195 2784.694159
0.584336 2778.948886
0.587478 2773.268380
0.590619 2767.658219
0.593761 2762.116793
0.596903 2756.647861
0.600044 2751.255090
0.603186 2745.937008
0.606327 2740.698961
0.609469 2735.539576
0.612611 2730.462495
0.615752 2725.471257
0.618894 2720.564644
0.622035 2715.747740
0.625177 2711.019442
0.628319 2706.383257
0.631460 2701.842580
0.634602 2697.396481
0.637743 2693.049631
0.640885 2688.799543
0.644026 2684.648113
0.647168 2680.591866
0.650310 2676.631305
0.653451 2672.766813
0.656593 2668.995098
0.659734 2665.317727
0.662876 2661.731527
0.666018 2658.236851
0.669159 2654.833935
0.672301 2651.519779
0.675442 2648.295662
0.678584 2645.158697
0.681726 2642.109093
0.684867 2639.146947
0.688009 2636.269539
0.691150 2633.477870
0.694292 2630.769328
0.697434 2628.143985
0.700575 2625.601802
0.703717 2623.140330
0.706858 2620.760303
0.710000 2618.459372
0.713142 2616.237476
0.716283 2614.094453
0.719425 2612.028104
0.722566 2610.038913
0.725708 2608.124781
0.728849 2606.286094
0.731991 2604.520850
0.735133 2602.828812
0.738274 2601.209652
0.741416 2599.661506
0.744557 2598.184529
0.747699 2596.776946
0.750841 2595.438407
0.753982 2594.168472
0.757124 2592.965501
0.760265 2591.829426
0.763407 2590.758669
0.766549 2589.751560
0.769690 2588.804660
0.772832 2587.913503
0.775973 2587.074796
0.779115 2586.284145
0.782257 2585.537960
0.785398 2584.832597
0.788540 2584.163746
0.791681 2583.527971
0.794823 2582.921007
0.797965 2582.339197
0.801106 2581.778854
0.804248 2581.235759
0.807389 2580.706398
0.810531 2580.186572
0.813672 2579.672751
0.816814 2579.160747
0.819956 2578.646860
0.823097 2578.127394
0.826239 2577.598158
0.829380 2577.055626
0.832522 2576.495593
0.835664 2575.914365
0.838805 2575.308277
0.841947 2574.673081
0.845088 2574.005321
0.848230 2573.300710
0.851372 2572.555592
0.854513 2571.766364
0.857655 2570.928659
0.860796 2570.039153
0.863938 2569.093415
0.867080 2568.087859
0.870221 2567.018971
0.873363 2565.882210
0.876504 2564.674438
0.879646 2563.391025
0.882788 2562.028481
0.885929 2560.583417
0.889071 2559.051051
0.892212 2557.431098
0.895354 2555.729195
0.898495 2553.954595
0.901637 2552.114345
0.904779 2550.217175
0.907920 2548.271889
0.911062 2546.285423
0.914203 2544.267214
0.917345 2542.224151
0.920487 2540.165049
0.923628 2538.098745
0.926770 2536.032096
0.929911 2533.974592
0.933053 2531.933095
0.936195 2529.916442
0.939336 2527.933433
0.942478 2525.990982
0.945619 2524.098497
0.948761 2522.262947
0.951903 2520.493121
0.955044 2518.797724
0.958186 2517.183850
0.961327 2515.660698
0.964469 2514.235475
0.967611 2512.916857
0.970752 2511.713385
0.973894 2510.632467
0.977035 2509.682965
0.980177 2508.872448
0.983319 2508.209417
0.986460 2507.702185
0.989602 2507.358604
0.992743 2507.187065
0.995885 2507.195634
0.999026 2507.392476
1.002168 2507.785892
1.005310 2508.384028
1.008451 2509.194767
1.011593 2510.226802
1.014734 2511.487645
1.017876 2512.983836
1.021018 2514.703718
1.024159 2516.628101
1.027301 2518.739646
1.030442 2521.018448
1.033584 2523.447391
1.036726 2526.007203
1.039867 2528.678447
1.043009 2531.444256
1.046150 2534.284311
1.049292 2537.181852
1.052434 2540.117414
1.055575 2543.071485
1.058717 2546.027377
1.061858 2548.964650
1.065000 2551.866607
1.068142 2554.713738
1.071283 2557.486601
1.074425 2560.168395
1.077566 2562.738854
1.080708 2565.181046
1.083849 2567.474859
1.086991 2569.603186
1.090133 2571.546701
1.093274 2573.286311
1.096416 2574.804557
1.099557 2576.081914
1.102699 2577.100628
1.105841 2577.841681
1.108982 2578.286409
1.112124 2578.416527
1.115265 2578.213394
1.118407 2577.658314
1.121549 2576.732724
1.124690 2575.418536
1.127832 2573.696346
1.130973 2571.548689
1.134115 2568.955633
1.137257 2565.899220
1.140398 2562.362082
1.143540 2558.325260
1.146681 2553.809449
1.149823 2548.860845
1.152965 2543.530974
1.156106 2537.871846
1.159248 2531.930007
1.162389 2525.759365
1.165531 2519.406139
1.168672 2512.924501
1.171814 2506.360471
1.174956 2499.766256
1.178097 2493.194102
1.181239 2486.689972
1.184380 2480.308133
1.187522 2474.094670
1.190664 2468.101798
1.193805 2462.381451
1.196947 2456.980135
1.200088 2451.951415
1.203230 2447.342238
1.206372 2443.204426
1.209513 2439.589205
1.212655 2436.544421
1.215796 2434.122138
1.218938 2432.370964
1.222080 2431.341930
1.225221 2431.085154
1.228363 2431.650620
1.231504 2433.088094
1.234646 2435.448640
1.237788 2438.782103
1.240929 2443.137090
1.244071 2448.566523
1.247212 2455.117073
1.250354 2462.843057
1.253495 2471.789686
1.256637 2482.012805
1.259779 2493.559923
1.262920 2506.476867
1.266062 2520.822008
1.269203 2536.635040
1.272345 2553.847529
1.275487 2572.143664
1.278628 2591.181534
1.281770 2610.637580
1.284911 2630.163881
1.288053 2649.437191
1.291195 2668.115519
1.294336 2685.857630
1.297478 2702.339143
1.300619 2717.214029
1.303761 2730.156080
1.306903 2740.824518
1.310044 2748.881462
1.313186 2753.996361
1.316327 2755.830422
1.319469 2754.049133
1.322611 2748.315603
1.325752 2738.297969
1.328894 2723.654173
1.332035 2704.058000
1.335177 2679.161292
1.338318 2648.644359
1.341460 2612.152091
1.344602 2569.357520
1.347743 2519.941703
1.350885 2463.537495
1.354026 2399.845261
1.357168 2328.488767
1.360310 2249.151341
1.363451 2161.526471
1.366593 2065.222681
1.369734 1959.965737
1.372876 1845.352937
1.376018 1721.080576
1.379159 1586.857242
1.382301 1442.261792
1.385442 1287.050728
1.388584 1120.789541
1.391726 943.190163
1.394867 753.978957
