0.004712 50759.143648
0.007854 48539.690242
0.010996 46406.059860
0.014137 44356.950589
0.017279 42389.117047
0.020420 40501.872025
0.023562 38692.073208
0.026704 36958.392919
0.029845 35299.406584
0.032987 33712.117229
0.036128 32195.595415
0.039270 30746.934881
0.042412 29364.688378
0.045553 28047.324115
0.048695 26792.062642
0.051836 25597.763172
0.054978 24461.724615
0.058119 23382.730293
0.061261 22358.152537
0.064403 21386.402641
0.067544 20465.824650
0.070686 19593.891765
0.073827 18769.219195
0.076969 17989.341207
0.080111 17252.586581
0.083252 16557.229206
0.086394 15900.885687
0.089535 15282.034004
0.092677 14698.339477
0.095819 14148.063818
0.098960 13629.426193
0.102102 13140.155735
0.105243 12678.624075
0.108385 12242.596705
0.111527 11830.283705
0.114668 11439.864967
0.117810 11069.151265
0.120951 10716.438763
0.124093 10379.604057
0.127235 10057.646445
0.130376 9750.241621
0.133518 9456.798217
0.136659 9177.107559
0.139801 8910.595925
0.142942 8657.037497
0.146084 8415.875193
0.149226 8186.796030
0.152367 7969.471645
0.155509 7763.368027
0.158650 7568.220907
0.161792 7383.510394
0.164934 7208.904597
0.168075 7044.058757
0.171217 6888.472279
0.174358 6741.848738
0.177500 6603.699142
0.180642 6473.675833
0.183783 6351.420810
0.186925 6236.460598
0.190066 6128.472908
0.193208 6026.993352
0.196350 5931.661656
0.199491 5842.109722
0.202633 5757.884898
0.205774 5678.645333
0.208916 5603.944940
0.212058 5533.413981
0.215199 5466.677408
0.218341 5403.297097
0.221482 5342.917927
0.224624 5285.105823
0.227765 5229.502121
0.230907 5175.675785
0.234049 5123.249110
0.237190 5071.842608
0.240332 5021.027968
0.243473 4970.532530
0.246615 4920.294957
0.249757 4870.354638
0.252898 4820.750583
0.256040 4771.474473
0.259181 4722.580928
0.262323 4674.062081
0.265465 4625.956829
0.268606 4578.303544
0.271748 4531.095145
0.274889 4484.384940
0.278031 4438.166451
0.281173 4392.477897
0.284314 4347.356826
0.287456 4302.797771
0.290597 4258.852351
0.293739 4215.515849
0.296881 4172.825625
0.300022 4130.818213
0.303164 4089.490132
0.306305 4048.890943
0.309447 4009.018060
0.312588 3969.920119
0.315730 3931.595490
0.318872 3894.080014
0.322013 3857.408501
0.325155 3821.580868
0.328296 3786.643175
0.331438 3752.596440
0.334580 3719.475199
0.337721 3687.312810
0.340863 3656.112057
0.344004 3625.916057
0.347146 3596.728848
0.350288 3568.583473
0.353429 3541.511651
0.356571 3515.519410
0.359712 3490.644046
0.362854 3466.857920
0.365996 3444.134552
0.369137 3422.445641
0.372279 3401.742342
0.375420 3382.002812
0.378562 3363.179447
0.381704 3345.243635
0.384845 3328.165638
0.387987 3311.899544
0.391128 3296.420688
0.394270 3281.684176
0.397411 3267.664370
0.400553 3254.317304
0.403695 3241.612511
0.406836 3229.518701
0.409978 3217.993138
0.413119 3207.008137
0.416261 3196.521670
0.419403 3186.502269
0.422544 3176.917879
0.425686 3167.727358
0.428827 3158.901538
0.431969 3150.399761
0.435111 3142.189849
0.438252 3134.239250
0.441394 3126.507866
0.444535 3118.965597
0.447677 3111.572606
0.450819 3104.296276
0.453960 3097.103842
0.457102 3089.955688
0.460243 3082.821345
0.463385 3075.661233
0.466527 3068.442579
0.469668 3061.132682
0.472810 3053.691854
0.475951 3046.089856
0.479093 3038.299884
0.482234 3030.335502
0.485376 3022.204635
0.488518 3013.922788
0.491659 3005.505661
0.494801 2996.960889
0.497942 2988.306899
0.501084 2979.551177
0.504226 2970.709459
0.507367 2961.797590
0.510509 2952.822892
0.513650 2943.804065
0.516792 2934.748362
0.519934 2925.671645
0.523075 2916.589805
0.526217 2907.510054
0.529358 2898.451160
0.532500 2889.420349
0.535642 2880.433509
0.538783 2871.506468
0.541925 2862.646537
0.545066 2853.872346
0.548208 2845.191302
0.551350 2836.619211
0.554491 2828.171739
0.557633 2819.856503
0.560774 2811.691785
0.563916 2803.685381
0.567057 2795.855376
0.570199 2788.209781
0.573341 2780.764113
0.576482 2773.533639
0.579624 2766.526748
0.582765 2759.760891
0.585907 2753.244754
0.589049 2746.993529
0.592190 2741.022068
0.595332 2735.338077
0.598473 2729.942710
0.601615 2724.822406
0.604757 2719.968726
0.607898 2715.372889
0.611040 2711.021766
0.614181 2706.907931
0.617323 2703.018563
0.620465 2699.344804
0.623606 2695.877523
0.626748 2692.604310
0.629889 2689.517053
0.633031 2686.603583
0.636173 2683.854709
0.639314 2681.261030
0.642456 2678.810691
0.645597 2676.495056
0.648739 2674.302448
0.651880 2672.224068
0.655022 2670.248389
0.658164 2668.365888
0.661305 2666.566920
0.664447 2664.840139
0.667588 2663.176447
0.670730 2661.564583
0.673872 2659.994882
0.677013 2658.457626
0.680155 2656.941635
0.683296 2655.437676
0.686438 2653.934590
0.689580 2652.422655
0.692721 2650.892155
0.695863 2649.331917
0.699004 2647.732736
0.702146 2646.083393
0.705288 2644.374185
0.708429 2642.595488
0.711571 2640.736019
0.714712 2638.791970
0.717854 2636.766512
0.720996 2634.665660
0.724137 2632.495530
0.727279 2630.260149
0.730420 2627.966347
0.733562 2625.618074
0.736703 2623.222234
0.739845 2620.782710
0.742987 2618.305670
0.746128 2615.797327
0.749270 2613.261497
0.752411 2610.705199
0.755553 2608.132217
0.758695 2605.548773
0.761836 2602.961102
0.764978 2600.372968
0.768119 2597.791425
0.771261 2595.220240
0.774403 2592.665647
0.777544 2590.133861
0.780686 2587.628678
0.783827 2585.157103
0.786969 2582.722970
0.790111 2580.332484
0.793252 2577.991794
0.796394 2575.704818
0.799535 2573.478422
0.802677 2571.316596
0.805819 2569.225472
0.808960 2567.211090
0.812102 2565.277577
0.815243 2563.431572
0.818385 2561.677310
0.821526 2560.021314
0.824668 2558.467941
0.827810 2557.023146
0.830951 2555.691838
0.834093 2554.471353
0.837234 2553.357961
0.840376 2552.346431
0.843518 2551.432616
0.846659 2550.612241
0.849801 2549.880263
0.852942 2549.232633
0.856084 2548.664416
0.859226 2548.171313
0.862367 2547.748926
0.865509 2547.392467
0.868650 2547.097644
0.871792 2546.859752
0.874934 2546.674371
0.878075 2546.537019
0.881217 2546.443088
0.884358 2546.388120
0.887500 2546.367561
0.890642 2546.376914
0.893783 2546.411643
0.896925 2546.467250
0.900066 2546.539184
0.903208 2546.622969
0.906349 2546.714035
0.909491 2546.807921
0.912633 2546.900078
0.915774 2546.985958
0.918916 2547.061098
0.922057 2547.120932
0.925199 2547.160978
0.928341 2547.176694
0.931482 2547.163568
0.934624 2547.117073
0.937765 2547.032721
0.940907 2546.905937
0.944049 2546.732223
0.947190 2546.507196
0.950332 2546.229112
0.953473 2545.900634
0.956615 2545.524356
0.959757 2545.103179
0.962898 2544.640058
0.966040 2544.137502
0.969181 2543.598632
0.972323 2543.025907
0.975465 2542.422297
0.978606 2541.790810
0.981748 2541.133846
0.984889 2540.454626
0.988031 2539.755518
0.991172 2539.039769
0.994314 2538.309727
0.997456 2537.568419
1.000597 2536.818889
1.003739 2536.063462
1.006880 2535.305420
1.010022 2534.547082
1.013164 2533.791494
1.016305 2533.041696
1.019447 2532.300014
1.022588 2531.569719
1.025730 2530.853151
1.028872 2530.153347
1.032013 2529.473322
1.035155 2528.815448
1.038296 2528.182943
1.041438 2527.578207
1.044580 2527.004250
1.047721 2526.464041
1.050863 2525.960038
1.054004 2525.495364
1.057146 2525.072525
1.060288 2524.694479
1.063429 2524.364127
1.066571 2524.083438
1.069712 2523.851500
1.072854 2523.666001
1.075995 2523.524896
1.079137 2523.425929
1.082279 2523.366988
1.085420 2523.345907
1.088562 2523.360509
1.091703 2523.408620
1.094845 2523.488106
1.097987 2523.596792
1.101128 2523.732464
1.104270 2523.893045
1.107411 2524.076269
1.110553 2524.280087
1.113695 2524.502278
1.116836 2524.740600
1.119978 2524.993040
1.123119 2525.257272
1.126261 2525.531300
1.129403 2525.812877
1.132544 2526.099745
1.135686 2526.389922
1.138827 2526.681059
1.141969 2526.971177
1.145111 2527.258017
1.148252 2527.539327
1.151394 2527.813120
1.154535 2528.077058
1.157677 2528.329145
1.160818 2528.567055
1.163960 2528.788776
1.167102 2528.992064
1.170243 2529.174700
1.173385 2529.334634
1.176526 2529.469601
1.179668 2529.577521
1.182810 2529.656258
1.185951 2529.705822
1.189093 2529.728654
1.192234 2529.727272
1.195376 2529.704212
1.198518 2529.662003
1.201659 2529.603204
1.204801 2529.530311
1.207942 2529.445904
1.211084 2529.352465
1.214226 2529.252554
1.217367 2529.148739
1.220509 2529.043490
1.223650 2528.939406
1.226792 2528.838957
1.229934 2528.744712
1.233075 2528.659230
1.236217 2528.584993
1.239358 2528.524582
1.242500 2528.480492
1.245641 2528.455285
1.248783 2528.451480
1.251925 2528.471624
1.255066 2528.518233
1.258208 2528.593870
1.261349 2528.701022
1.264491 2528.842292
1.267633 2529.020185
1.270774 2529.237162
1.273916 2529.495896
1.277057 2529.798755
1.280199 2530.148467
1.283341 2530.547479
1.286482 2530.998173
1.289624 2531.503371
1.292765 2532.065286
1.295907 2532.686809
1.299049 2533.370308
