0.003142 50532.848919
0.006283 48413.106414
0.009425 46369.744344
0.012566 44402.445175
0.015708 42508.337353
0.018850 40686.439802
0.021991 38935.679524
0.025133 37253.322843
0.028274 35638.822432
0.031416 34089.531380
0.034558 32604.354999
0.037699 31182.116990
0.040841 29820.292859
0.043982 28518.131249
0.047124 27273.184127
0.050265 26084.625736
0.053407 24950.080379
0.056549 23868.315959
0.059690 22838.033192
0.062832 21856.957160
0.065973 20924.094144
0.069115 20037.231257
0.072257 19195.053709
0.075398 18396.189827
0.078540 17638.512046
0.081681 16920.884447
0.084823 16241.231191
0.087965 15598.167676
0.091106 14990.262721
0.094248 14415.510352
0.097389 13872.658211
0.100531 13359.741747
0.103673 12875.319425
0.106814 12417.913439
0.109956 11985.613643
0.113097 11577.077003
0.116239 11190.424492
0.119381 10824.170524
0.122522 10476.803548
0.125664 10146.483486
0.128805 9831.802390
0.131947 9531.022844
0.135088 9243.568974
0.138230 8968.911803
0.141372 8706.803229
0.144513 8456.979174
0.147655 8218.938951
0.150796 7992.492609
0.153938 7777.154345
0.157080 7572.656362
0.160221 7378.717063
0.163363 7194.871344
0.166504 7020.894757
0.169646 6856.334910
0.172788 6700.907028
0.175929 6554.314712
0.179071 6416.123006
0.182212 6286.078402
0.185354 6163.756480
0.188496 6048.858208
0.191637 5941.075103
0.194779 5839.996919
0.197920 5745.346525
0.201062 5656.722038
0.204204 5573.812885
0.207345 5496.301217
0.210487 5423.796065
0.213628 5356.002109
0.216770 5292.534566
0.219911 5233.092364
0.223053 5177.296039
0.226195 5124.823427
0.229336 5075.348136
0.232478 5028.497046
0.235619 4983.958509
0.238761 4941.362549
0.241903 4900.381987
0.245044 4860.687588
0.248186 4821.912461
0.251327 4783.739815
0.254469 4745.803730
0.257611 4707.780598
0.260752 4669.515710
0.263894 4631.007961
0.267035 4592.315256
0.270177 4553.446364
0.273319 4514.446991
0.276460 4475.363009
0.279602 4436.202938
0.282743 4397.025098
0.285885 4357.837951
0.289027 4318.687383
0.292168 4279.619233
0.295310 4240.642033
0.298451 4201.813986
0.301593 4163.143776
0.304734 4124.689412
0.307876 4086.459815
0.311018 4048.500679
0.314159 4010.857352
0.317301 3973.539273
0.320442 3936.603588
0.323584 3900.060188
0.326726 3863.954309
0.329867 3828.330629
0.333009 3793.199873
0.336150 3758.617796
0.339292 3724.595785
0.342434 3691.178355
0.345575 3658.409249
0.348717 3626.301009
0.351858 3594.907466
0.355000 3564.242038
0.358142 3534.348251
0.361283 3505.268645
0.364425 3477.018114
0.367566 3449.648032
0.370708 3423.174380
0.373850 3397.639427
0.376991 3373.084250
0.380133 3349.526621
0.383274 3327.014862
0.386416 3305.550241
0.389557 3285.120366
0.392699 3265.680182
0.395841 3247.204303
0.398982 3229.666116
0.402124 3213.022409
0.405265 3197.251746
0.408407 3182.312040
0.411549 3168.176397
0.414690 3154.816897
0.417832 3142.192991
0.420973 3130.280682
0.424115 3119.040342
0.427257 3108.443821
0.430398 3098.462151
0.433540 3089.056931
0.436681 3080.202119
0.439823 3071.860031
0.442965 3064.001519
0.446106 3056.596821
0.449248 3049.609176
0.452389 3043.011002
0.455531 3036.766053
0.458673 3030.844438
0.461814 3025.215853
0.464956 3019.844669
0.468097 3014.702275
0.471239 3009.753353
0.474380 3004.969022
0.477522 3000.314191
0.480664 2995.758355
0.483805 2991.270884
0.486947 2986.816875
0.490088 2982.367133
0.493230 2977.886780
0.496372 2973.345180
0.499513 2968.711773
0.502655 2963.951564
0.505796 2959.035553
0.508938 2953.928566
0.512080 2948.605509
0.515221 2943.070067
0.518363 2937.329951
0.521504 2931.400052
0.524646 2925.287835
0.527788 2919.006402
0.530929 2912.569070
0.534071 2905.982982
0.537212 2899.263566
0.540354 2892.417785
0.543496 2885.459002
0.546637 2878.400721
0.549779 2871.249692
0.552920 2864.021700
0.556062 2856.723386
0.559203 2849.370631
0.562345 2841.969995
0.565487 2834.535054
0.568628 2827.079429
0.571770 2819.609612
0.574911 2812.141596
0.578053 2804.681866
0.581195 2797.244045
0.584336 2789.841726
0.587478 2782.481438
0.590619 2775.179102
0.593761 2767.941309
0.596903 2760.781638
0.600044 2753.713568
0.603186 2746.743838
0.606327 2739.888123
0.609469 2733.153298
0.612611 2726.552808
0.615752 2720.099927
0.618894 2713.801787
0.622035 2707.673634
0.625177 2701.722807
0.628319 2695.962529
0.631460 2690.405778
0.634602 2685.060259
0.637743 2679.939880
0.640885 2675.042386
0.644026 2670.365259
0.647168 2665.899743
0.650310 2661.641583
0.653451 2657.586262
0.656593 2653.725421
0.659734 2650.055742
0.662876 2646.569113
0.666018 2643.260954
0.669159 2640.126458
0.672301 2637.157853
0.675442 2634.351253
0.678584 2631.699096
0.681726 2629.196523
0.684867 2626.838482
0.688009 2624.617697
0.691150 2622.529808
0.694292 2620.567707
0.697434 2618.726302
0.700575 2617.000348
0.703717 2615.382968
0.706858 2613.869419
0.710000 2612.452959
0.713142 2611.128308
0.716283 2609.890070
0.719425 2608.731680
0.722566 2607.648101
0.725708 2606.632866
0.728849 2605.680848
0.731991 2604.785664
0.735133 2603.941848
0.738274 2603.143869
0.741416 2602.385444
0.744557 2601.661281
0.747699 2600.965142
0.750841 2600.291485
0.753982 2599.634738
0.757124 2598.988707
0.760265 2598.348029
0.763407 2597.706557
0.766549 2597.060539
0.769690 2596.408784
0.772832 2595.749674
0.775973 2595.082427
0.779115 2594.405413
0.782257 2593.717642
0.785398 2593.018133
0.788540 2592.305239
0.791681 2591.578211
0.794823 2590.835383
0.797965 2590.075780
0.801106 2589.298449
0.804248 2588.501694
0.807389 2587.684817
0.810531 2586.846096
0.813672 2585.984862
0.816814 2585.099364
0.819956 2584.188669
0.823097 2583.251875
0.826239 2582.287184
0.829380 2581.294007
0.832522 2580.270508
0.835664 2579.215796
0.838805 2578.129018
0.841947 2577.008279
0.845088 2575.853091
0.848230 2574.661513
0.851372 2573.432706
0.854513 2572.165876
0.857655 2570.859012
0.860796 2569.511744
0.863938 2568.122011
0.867080 2566.689032
0.870221 2565.212080
0.873363 2563.689013
0.876504 2562.119598
0.879646 2560.501631
0.882788 2558.834402
0.885929 2557.117263
0.889071 2555.347916
0.892212 2553.527998
0.895354 2551.662079
0.898495 2549.758065
0.901637 2547.821466
0.904779 2545.859606
0.907920 2543.879840
0.911062 2541.887631
0.914203 2539.890964
0.917345 2537.895290
0.920487 2535.907969
0.923628 2533.936347
0.926770 2531.985892
0.929911 2530.064563
0.933053 2528.177860
0.936195 2526.333122
0.939336 2524.537637
0.942478 2522.796981
0.945619 2521.118983
0.948761 2519.509295
0.951903 2517.975186
0.955044 2516.523828
0.958186 2515.161017
0.961327 2513.894341
0.964469 2512.729714
0.967611 2511.674279
0.970752 2510.735040
0.973894 2509.918119
0.977035 2509.230756
0.980177 2508.679235
0.983319 2508.270520
0.986460 2508.011391
0.989602 2507.908405
0.992743 2507.968347
0.995885 2508.197978
0.999026 2508.603868
1.002168 2509.192999
1.005310 2509.971994
1.008451 2510.947233
1.011593 2512.126059
1.014734 2513.514441
1.017876 2515.117753
1.021018 2516.924509
1.024159 2518.916337
1.027301 2521.076778
1.030442 2523.386733
1.033584 2525.829943
1.036726 2528.387963
1.039867 2531.042200
1.043009 2533.776614
1.046150 2536.571743
1.049292 2539.411637
1.052434 2542.277682
1.055575 2545.151227
1.058717 2548.016375
1.061858 2550.853579
1.065000 2553.646916
1.068142 2556.377744
1.071283 2559.027499
1.074425 2561.580140
1.077566 2564.016319
1.080708 2566.319859
1.083849 2568.471571
1.086991 2570.455096
1.090133 2572.251989
1.093274 2573.844045
1.096416 2575.214547
1.099557 2576.344901
1.102699 2577.218098
1.105841 2577.816004
1.108982 2578.120837
1.112124 2578.115061
1.115265 2577.780958
1.118407 2577.100586
1.121549 2576.056265
1.124690 2574.630775
1.127832 2572.805481
1.130973 2570.563822
1.134115 2567.886641
1.137257 2564.756851
1.140398 2561.157940
1.143540 2557.071708
1.146681 2552.518961
1.149823 2547.545314
1.152965 2542.201724
1.156106 2536.539620
1.159248 2530.604963
1.162389 2524.451077
1.165531 2518.123611
1.168672 2511.676138
1.171814 2505.154120
1.174956 2498.609173
1.178097 2492.092942
1.181239 2485.650845
1.184380 2479.336528
1.187522 2473.195538
1.190664 2467.279489
1.193805 2461.639706
1.196947 2456.322166
1.200088 2451.379800
1.203230 2446.859027
1.206372 2442.811063
1.209513 2439.286522
1.212655 2436.332727
1.215796 2434.001104
1.218938 2432.339736
1.222080 2431.399045
1.225221 2431.228540
1.228363 2431.877678
1.231504 2433.395593
1.234646 2435.832817
1.237788 2439.238588
1.240929 2443.660912
1.244071 2449.152171
1.247212 2455.758416
1.250354 2463.533421
1.253495 2472.521781
1.256637 2482.778789
1.259779 2494.351357
1.262920 2507.284727
1.266062 2521.636700
1.269203 2537.446388
1.272345 2554.645240
1.275487 2572.918168
1.278628 2591.924087
1.281770 2611.340229
1.284911 2630.819514
1.288053 2650.039476
1.291195 2668.658954
1.294336 2686.337547
1.297478 2702.751647
1.300619 2717.556080
1.303761 2730.425407
1.306903 2741.019687
1.310044 2749.001873
1.313186 2754.042183
1.316327 2755.802683
1.319469 2753.949628
1.322611 2748.146963
1.325752 2738.063661
1.328894 2723.358433
1.332035 2703.705918
1.335177 2678.758734
1.338318 2648.198038
1.341460 2611.669504
1.344602 2568.846994
1.347743 2519.412380
1.350885 2462.999321
1.354026 2399.309001
1.357168 2327.965999
1.360310 2248.654459
1.363451 2161.068666
1.366593 2064.817985
1.369734 1959.628958
1.372876 1845.099742
1.376018 1720.927425
1.379159 1586.821369
1.382301 1442.361319
1.385442 1287.304504
1.388584 1121.217327
1.391726 943.812486
1.394867 754.817087
