0.003142 51069.063175
0.006283 48833.346550
0.009425 46682.492948
0.012566 44615.991012
0.015708 42630.643665
0.018850 40725.240285
0.021991 38898.468486
0.025133 37147.283835
0.028274 35470.920571
0.031416 33866.430033
0.034558 32332.475894
0.037699 30867.632037
0.040841 29469.084485
0.043982 28135.843010
0.047124 26865.177427
0.050265 25656.016109
0.053407 24505.707879
0.056549 23412.765574
0.059690 22375.629002
0.062832 21391.756523
0.065973 20459.893954
0.069115 19577.566686
0.072257 18743.197774
0.075398 17955.149223
0.078540 17211.037996
0.081681 16509.457292
0.084823 15848.079133
0.087965 15225.251762
0.091106 14639.274347
0.094248 14087.892519
0.097389 13569.576797
0.100531 13082.115895
0.103673 12623.798212
0.106814 12192.875050
0.109956 11787.190768
0.113097 11405.123144
0.116239 11044.547646
0.119381 10703.707799
0.122522 10380.822006
0.125664 10073.803418
0.128805 9780.967008
0.131947 9500.347439
0.135088 9231.307121
0.138230 8973.385647
0.141372 8726.386724
0.144513 8490.100155
0.147655 8264.091801
0.150796 8048.221961
0.153938 7842.069495
0.157080 7645.420957
0.160221 7458.050803
0.163363 7279.556041
0.166504 7109.766724
0.169646 6948.291056
0.172788 6794.900693
0.175929 6649.357000
0.179071 6511.283619
0.182212 6380.484872
0.185354 6256.593790
0.188496 6139.369391
0.191637 6028.562206
0.194779 5923.817995
0.197920 5824.919865
0.201062 5731.521159
0.204204 5643.370512
0.207345 5560.209881
0.210487 5481.702629
0.213628 5407.615161
0.216770 5337.616620
0.219911 5271.467997
0.223053 5208.843486
0.226195 5149.480981
0.229336 5093.114223
0.232478 5039.423636
0.235619 4988.159830
0.238761 4939.006479
0.241903 4891.696511
0.245044 4845.960509
0.248186 4801.485665
0.251327 4758.016724
0.254469 4715.242322
0.257611 4672.897332
0.260752 4630.849826
0.263894 4589.078467
0.267035 4547.623316
0.270177 4506.471456
0.273319 4465.649616
0.276460 4425.184102
0.279602 4385.062629
0.282743 4345.324205
0.285885 4305.957008
0.289027 4266.987229
0.292168 4228.440555
0.295310 4190.305920
0.298451 4152.621070
0.301593 4115.375489
0.304734 4078.606355
0.307876 4042.303736
0.311018 4006.492893
0.314159 3971.198464
0.317301 3936.411451
0.320442 3902.167472
0.323584 3868.458199
0.326726 3835.308102
0.329867 3802.740939
0.333009 3770.749449
0.336150 3739.367470
0.339292 3708.588498
0.342434 3678.436100
0.345575 3648.933048
0.348717 3620.074035
0.351858 3591.890903
0.355000 3564.379184
0.358142 3537.561439
0.361283 3511.459346
0.364425 3486.069763
0.367566 3461.422323
0.370708 3437.514811
0.373850 3414.368672
0.376991 3392.004384
0.380133 3370.421185
0.383274 3349.646248
0.386416 3329.670036
0.389557 3310.486052
0.392699 3292.059577
0.395841 3274.374332
0.398982 3257.413093
0.402124 3241.142556
0.405265 3225.550583
0.408407 3210.604741
0.411549 3196.287589
0.414690 3182.580886
0.417832 3169.453400
0.420973 3156.890991
0.424115 3144.863156
0.427257 3133.351473
0.430398 3122.336859
0.433540 3111.789799
0.436681 3101.694508
0.439823 3092.022056
0.442965 3082.753215
0.446106 3073.868246
0.449248 3065.338985
0.452389 3057.148367
0.455531 3049.268672
0.458673 3041.680049
0.461814 3034.362277
0.464956 3027.288192
0.468097 3020.439800
0.471239 3013.790237
0.474380 3007.321240
0.477522 3001.006186
0.480664 2994.824650
0.483805 2988.756039
0.486947 2982.773983
0.490088 2976.859795
0.493230 2970.987205
0.496372 2965.135593
0.499513 2959.284316
0.502655 2953.407141
0.505796 2947.485316
0.508938 2941.492565
0.512080 2935.411856
0.515221 2929.245220
0.518363 2922.994994
0.521504 2916.671423
0.524646 2910.276750
0.527788 2903.819247
0.530929 2897.307265
0.534071 2890.742926
0.537212 2884.136676
0.540354 2877.490576
0.543496 2870.812994
0.546637 2864.112336
0.549779 2857.390605
0.552920 2850.658345
0.556062 2843.917538
0.559203 2837.178741
0.562345 2830.443933
0.565487 2823.721529
0.568628 2817.019929
0.571770 2810.341135
0.574911 2803.695665
0.578053 2797.085555
0.581195 2790.519197
0.584336 2784.004927
0.587478 2777.544866
0.590619 2771.149392
0.593761 2764.820701
0.596903 2758.567110
0.600044 2752.396840
0.603186 2746.312231
0.606327 2740.323423
0.609469 2734.432870
0.612611 2728.648765
0.615752 2722.979166
0.618894 2717.426729
0.622035 2712.001257
0.625177 2706.705562
0.628319 2701.547664
0.631460 2696.535404
0.634602 2691.671859
0.637743 2686.965989
0.640885 2682.415416
0.644026 2678.019984
0.647168 2673.773770
0.650310 2669.675068
0.653451 2665.721986
0.656593 2661.908882
0.659734 2658.235055
0.662876 2654.695040
0.666018 2651.286901
0.669159 2648.008533
0.672301 2644.854721
0.675442 2641.824348
0.678584 2638.912358
0.681726 2636.116605
0.684867 2633.434800
0.688009 2630.862106
0.691150 2628.397037
0.694292 2626.034895
0.697434 2623.773354
0.700575 2621.609960
0.703717 2619.540209
0.706858 2617.562292
0.710000 2615.671824
0.713142 2613.866319
0.716283 2612.143186
0.719425 2610.498202
0.722566 2608.929287
0.725708 2607.432316
0.728849 2606.005116
0.731991 2604.643650
0.735133 2603.345257
0.738274 2602.107194
0.741416 2600.925544
0.744557 2599.797936
0.747699 2598.720523
0.750841 2597.690546
0.753982 2596.705184
0.757124 2595.760681
0.760265 2594.854514
0.763407 2593.982983
0.766549 2593.143453
0.769690 2592.333527
0.772832 2591.550062
0.775973 2590.790930
0.779115 2590.053019
0.782257 2589.333946
0.785398 2588.631303
0.788540 2587.942016
0.791681 2587.263895
0.794823 2586.593882
0.797965 2585.929565
0.801106 2585.268525
0.804248 2584.607714
0.807389 2583.944925
0.810531 2583.277109
0.813672 2582.602063
0.816814 2581.916730
0.819956 2581.218694
0.823097 2580.505558
0.826239 2579.774237
0.829380 2579.022572
0.832522 2578.247456
0.835664 2577.446495
0.838805 2576.617330
0.841947 2575.756805
0.845088 2574.862841
0.848230 2573.932240
0.851372 2572.962653
0.854513 2571.951780
0.857655 2570.896349
0.860796 2569.794406
0.863938 2568.642620
0.867080 2567.438706
0.870221 2566.180445
0.873363 2564.864407
0.876504 2563.488805
0.879646 2562.050133
0.882788 2560.546191
0.885929 2558.974862
0.889071 2557.332518
0.892212 2555.619766
0.895354 2553.841746
0.898495 2552.007088
0.901637 2550.122124
0.904779 2548.194932
0.907920 2546.233645
0.911062 2544.244513
0.914203 2542.236301
0.917345 2540.215229
0.920487 2538.189439
0.923628 2536.167074
0.926770 2534.154348
0.929911 2532.160039
0.933053 2530.190379
0.936195 2528.253507
0.939336 2526.357523
0.942478 2524.508721
0.945619 2522.715774
0.948761 2520.985041
0.951903 2519.324606
0.955044 2517.742461
0.958186 2516.245099
0.961327 2514.840972
0.964469 2513.536685
0.967611 2512.340204
0.970752 2511.259356
0.973894 2510.300954
0.977035 2509.473104
0.980177 2508.782781
0.983319 2508.237772
0.986460 2507.845678
0.989602 2507.613752
0.992743 2507.549638
0.995885 2507.660797
0.999026 2507.954653
1.002168 2508.438897
1.005310 2509.120965
1.008451 2510.008045
1.011593 2511.108202
1.014734 2512.428233
1.017876 2513.974136
1.021018 2515.734334
1.024159 2517.690017
1.027301 2519.824253
1.030442 2522.117512
1.033584 2524.553077
1.036726 2527.112058
1.039867 2529.775409
1.043009 2532.526648
1.046150 2535.345854
1.049292 2538.216642
1.052434 2541.119943
1.055575 2544.036644
1.058717 2546.950424
1.061858 2549.841257
1.065000 2552.692807
1.068142 2555.485964
1.071283 2558.201696
1.074425 2560.823553
1.077566 2563.331695
1.080708 2565.709542
1.083849 2567.937410
1.086991 2569.998538
1.090133 2571.874009
1.093274 2573.545142
1.096416 2574.994824
1.099557 2576.203960
1.102699 2577.155143
1.105841 2577.829765
1.108982 2578.209571
1.112124 2578.276624
1.115265 2578.012711
1.118407 2577.399486
1.121549 2576.418796
1.124690 2575.052955
1.127832 2573.282917
1.130973 2571.091636
1.134115 2568.459539
1.137257 2565.369074
1.140398 2561.803269
1.143540 2557.743517
1.146681 2553.210564
1.149823 2548.250338
1.152965 2542.914101
1.156106 2537.253592
1.159248 2531.315085
1.162389 2525.152220
1.165531 2518.810948
1.168672 2512.345165
1.171814 2505.800632
1.174956 2499.229281
1.178097 2492.683079
1.181239 2486.207738
1.184380 2479.857234
1.187522 2473.677405
1.190664 2467.720184
1.193805 2462.037225
1.196947 2456.674787
1.200088 2451.686142
1.203230 2447.117991
1.206372 2443.021875
1.209513 2439.448737
1.212655 2436.446179
1.215796 2434.065969
1.218938 2432.356471
1.222080 2431.368436
1.225221 2431.151696
1.228363 2431.755992
1.231504 2433.230797
1.234646 2435.626927
1.237788 2438.993947
1.240929 2443.380184
1.244071 2448.838309
1.247212 2455.414705
1.250354 2463.163439
1.253495 2472.129434
1.256637 2482.368280
1.259779 2493.927209
1.262920 2506.851775
1.266062 2521.200087
1.269203 2537.011568
1.272345 2554.217727
1.275487 2572.503093
1.278628 2591.526135
1.281770 2610.963663
1.284911 2630.468145
1.288053 2649.716697
1.291195 2668.367714
1.294336 2686.080348
1.297478 2702.530576
1.300619 2717.372767
1.303761 2730.281068
1.306903 2740.915091
1.310044 2748.937342
1.313186 2754.017626
1.316327 2755.817549
1.319469 2754.002955
1.322611 2748.237341
1.325752 2738.189232
1.328894 2723.516927
1.332035 2703.894607
1.335177 2678.974474
1.338318 2648.437232
1.341460 2611.928134
1.344602 2569.120597
1.347743 2519.696057
1.350885 2463.287741
1.354026 2399.596396
1.357168 2328.246163
1.360310 2248.920750
1.363451 2161.314014
1.366593 2065.034871
1.369734 1959.809446
1.372876 1845.235435
1.376018 1721.009502
1.379159 1586.840594
1.382301 1442.307980
1.385442 1287.168499
1.388584 1120.988067
1.391726 943.478969
1.394867 754.367913
