0.003142 50772.246074
0.006283 48600.816741
0.009425 46509.549676
0.012566 44498.040882
0.015708 42563.273645
0.018850 40704.164507
0.021991 38919.533695
0.025133 37206.508962
0.028274 35564.445542
0.031416 33990.561966
0.034558 32483.655771
0.037699 31042.439236
0.040841 29664.258775
0.043982 28348.256485
0.047124 27091.858511
0.050265 25894.129430
0.053407 24752.570696
0.056549 23665.836451
0.059690 22632.511045
0.062832 21650.200615
0.065973 20717.795272
0.069115 19832.965412
0.072257 18994.279323
0.075398 18200.246555
0.078540 17448.625612
0.081681 16738.159761
0.084823 16066.660716
0.087965 15432.624726
0.091106 14834.500350
0.094248 14270.170836
0.097389 13738.260231
0.100531 13236.693944
0.103673 12763.909995
0.106814 12318.309766
0.109956 11897.873621
0.113097 11501.134017
0.116239 11126.102429
0.119381 10771.172463
0.122522 10434.712135
0.125664 10114.771302
0.128805 9809.818453
0.131947 9518.014518
0.135088 9238.756155
0.138230 8971.545031
0.141372 8716.156226
0.144513 8472.349770
0.147655 8239.654715
0.150796 8017.903605
0.153938 7806.639534
0.157080 7605.619025
0.160221 7414.585556
0.163363 7233.101782
0.166504 7060.967651
0.169646 6897.757848
0.172788 6743.212847
0.175929 6597.062092
0.179071 6458.896813
0.182212 6328.489385
0.185354 6205.441063
0.188496 6089.478785
0.191637 5980.320468
0.194779 5877.580899
0.197920 5781.009900
0.201062 5690.230273
0.204204 5604.957932
0.207345 5524.901779
0.210487 5449.695132
0.213628 5379.070288
0.216770 5312.666569
0.219911 5250.210670
0.223053 5191.347115
0.226195 5135.780604
0.229336 5083.211641
0.232478 5033.291044
0.235619 4985.735017
0.238761 4940.197569
0.241903 4896.378408
0.245044 4853.975051
0.248186 4812.644790
0.251327 4772.098360
0.254469 4731.994234
0.257611 4692.034961
0.260752 4652.076002
0.263894 4612.107165
0.267035 4572.178340
0.270177 4532.288558
0.273319 4492.475000
0.276460 4452.774751
0.279602 4413.186986
0.282743 4373.761353
0.285885 4334.497204
0.289027 4295.431579
0.292168 4256.601265
0.295310 4218.005995
0.298451 4179.694781
0.301593 4141.667686
0.304734 4103.973363
0.307876 4066.612265
0.311018 4029.620910
0.314159 3993.035343
0.317301 3956.856724
0.320442 3921.132530
0.323584 3885.864470
0.326726 3851.088451
0.329867 3816.839758
0.333009 3783.121037
0.336150 3749.978200
0.339292 3717.414598
0.342434 3685.465339
0.345575 3654.164746
0.348717 3623.517345
0.351858 3593.567091
0.355000 3564.319370
0.358142 3535.808291
0.361283 3508.067026
0.364425 3481.102367
0.367566 3454.955924
0.370708 3429.635505
0.373850 3405.174029
0.376991 3381.603318
0.380133 3358.932822
0.383274 3337.201365
0.386416 3316.405363
0.389557 3296.535075
0.392699 3277.550094
0.395841 3259.429130
0.398982 3242.149790
0.402124 3225.673318
0.405265 3209.982459
0.408407 3195.039466
0.411549 3180.821696
0.414690 3167.305581
0.417832 3154.454762
0.420973 3142.249673
0.424115 3130.654790
0.427257 3119.646336
0.430398 3109.199790
0.433540 3099.280743
0.436681 3089.867768
0.439823 3080.927116
0.442965 3072.434100
0.446106 3064.363464
0.449248 3056.682313
0.452389 3049.367794
0.455531 3042.387495
0.458673 3035.716038
0.461814 3029.327654
0.464956 3023.190520
0.468097 3017.280799
0.471239 3011.566974
0.474380 3006.024939
0.477522 3000.623409
0.480664 2995.336414
0.483805 2990.137834
0.486947 2984.996605
0.490088 2979.888256
0.493230 2974.781780
0.496372 2969.651044
0.499513 2964.469947
0.502655 2959.207436
0.505796 2953.839116
0.508938 2948.333815
0.512080 2942.670064
0.515221 2936.850804
0.518363 2930.881329
0.521504 2924.774441
0.524646 2918.535254
0.527788 2912.174699
0.530929 2905.703860
0.534071 2899.127622
0.537212 2892.459170
0.540354 2885.703264
0.543496 2878.871019
0.546637 2871.973648
0.549779 2865.015763
0.552920 2858.010796
0.556062 2850.963288
0.559203 2843.886729
0.562345 2836.785616
0.565487 2829.671204
0.568628 2822.554767
0.571770 2815.440778
0.574911 2808.342765
0.578053 2801.265214
0.581195 2794.219394
0.584336 2787.216535
0.587478 2780.261182
0.590619 2773.366762
0.593761 2766.537892
0.596903 2759.785782
0.600044 2753.121548
0.603186 2746.549949
0.606327 2740.084170
0.609469 2733.729100
0.612611 2727.495819
0.615752 2721.395256
0.618894 2715.432530
0.622035 2709.620439
0.625177 2703.964286
0.628319 2698.474953
0.631460 2693.163108
0.634602 2688.034374
0.637743 2683.100435
0.640885 2678.358979
0.644026 2673.808551
0.647168 2669.441669
0.650310 2665.255226
0.653451 2661.245884
0.656593 2657.406506
0.659734 2653.734954
0.662876 2650.224303
0.666018 2646.871164
0.669159 2643.671946
0.672301 2640.620026
0.675442 2637.712765
0.678584 2634.943726
0.681726 2632.309271
0.684867 2629.805592
0.688009 2627.426510
0.691150 2625.168956
0.694292 2623.026908
0.697434 2620.996518
0.700575 2619.073795
0.703717 2617.252930
0.706858 2615.530499
0.710000 2613.900822
0.713142 2612.359875
0.716283 2610.903524
0.719425 2609.526257
0.722566 2608.224366
0.725708 2606.992439
0.728849 2605.826677
0.731991 2604.721753
0.735133 2603.673463
0.738274 2602.677528
0.741416 2601.728732
0.744557 2600.823094
0.747699 2599.955453
0.750841 2599.121519
0.753982 2598.316957
0.757124 2597.536671
0.760265 2596.776573
0.763407 2596.031618
0.766549 2595.298557
0.769690 2594.575656
0.772832 2593.860610
0.775973 2593.152033
0.779115 2592.447628
0.782257 2591.745777
0.785398 2591.044860
0.788540 2590.342585
0.791681 2589.637558
0.794823 2588.927484
0.797965 2588.210742
0.801106 2587.485722
0.804248 2586.750117
0.807389 2586.002552
0.810531 2585.240708
0.813672 2584.463225
0.816814 2583.667765
0.819956 2582.852728
0.823097 2582.016539
0.826239 2581.156822
0.829380 2580.272282
0.832522 2579.360509
0.835664 2578.419939
0.838805 2577.449040
0.841947 2576.445349
0.845088 2575.407664
0.848230 2574.333478
0.851372 2573.221273
0.854513 2572.069576
0.857655 2570.875811
0.860796 2569.638894
0.863938 2568.356193
0.867080 2567.026251
0.870221 2565.647670
0.873363 2564.217728
0.876504 2562.735493
0.879646 2561.198176
0.882788 2559.604396
0.885929 2557.952844
0.889071 2556.240626
0.892212 2554.468912
0.895354 2552.642531
0.898495 2550.769715
0.901637 2548.856342
0.904779 2546.910076
0.907920 2544.938622
0.911062 2542.947797
0.914203 2540.945936
0.917345 2538.938838
0.920487 2536.934213
0.923628 2534.939766
0.926770 2532.961300
0.929911 2531.007144
0.933053 2529.083125
0.936195 2527.196944
0.939336 2525.356252
0.942478 2523.566950
0.945619 2521.837246
0.948761 2520.173110
0.951903 2518.582178
0.955044 2517.071989
0.958186 2515.648655
0.961327 2514.320151
0.964469 2513.092703
0.967611 2511.973823
0.970752 2510.970886
0.973894 2510.090324
0.977035 2509.339768
0.980177 2508.725811
0.983319 2508.255789
0.986460 2507.936850
0.989602 2507.775865
0.992743 2507.780005
0.995885 2507.956344
0.999026 2508.311840
1.002168 2508.853791
1.005310 2509.589186
1.008451 2510.524770
1.011593 2511.668209
1.014734 2513.025846
1.017876 2514.603334
1.021018 2516.389148
1.024159 2518.364718
1.027301 2520.513371
1.030442 2522.815816
1.033584 2525.255587
1.036726 2527.814039
1.039867 2530.472376
1.043009 2533.214358
1.046150 2536.020317
1.049292 2538.874108
1.052434 2541.756911
1.055575 2544.649869
1.058717 2547.536892
1.061858 2550.398219
1.065000 2553.217741
1.068142 2555.976606
1.071283 2558.656039
1.074425 2561.239814
1.077566 2563.708364
1.080708 2566.045328
1.083849 2568.231296
1.086991 2570.249728
1.090133 2572.081967
1.093274 2573.709593
1.096416 2575.115712
1.099557 2576.281504
1.102699 2577.189780
1.105841 2577.822194
1.108982 2578.160751
1.112124 2578.187735
1.115265 2577.885205
1.118407 2577.235036
1.121549 2576.219337
1.124690 2574.820679
1.127832 2573.020240
1.130973 2570.801242
1.134115 2568.144341
1.137257 2565.032239
1.140398 2561.448220
1.143540 2557.373899
1.146681 2552.830056
1.149823 2547.862446
1.152965 2542.522163
1.156106 2536.860777
1.159248 2530.924388
1.162389 2524.766463
1.165531 2518.432787
1.168672 2511.977078
1.171814 2505.444932
1.174956 2498.888108
1.178097 2492.358396
1.181239 2485.901345
1.184380 2479.570751
1.187522 2473.412290
1.190664 2467.477721
1.193805 2461.818517
1.196947 2456.480781
1.200088 2451.517598
1.203230 2446.975513
1.206372 2442.905890
1.209513 2439.359489
1.212655 2436.383760
1.215796 2434.030281
1.218938 2432.347264
1.222080 2431.385277
1.225221 2431.193974
1.228363 2431.822942
1.231504 2433.321465
1.234646 2435.740204
1.237788 2439.128544
1.240929 2443.534636
1.244071 2449.010990
1.247212 2455.603809
1.250354 2463.366997
1.253495 2472.345297
1.256637 2482.594135
1.259779 2494.160568
1.262920 2507.089978
1.266062 2521.440304
1.269203 2537.250799
1.272345 2554.452937
1.275487 2572.731461
1.278628 2591.745081
1.281770 2611.170843
1.284911 2630.661462
1.288053 2649.894285
1.291195 2668.527949
1.294336 2686.221855
1.297478 2702.652205
1.300619 2717.473623
1.303761 2730.360481
1.306903 2740.972638
1.310044 2748.972846
1.313186 2754.031137
1.316327 2755.809370
1.319469 2753.973616
1.322611 2748.187617
1.325752 2738.120145
1.328894 2723.429727
1.332035 2703.790794
1.335177 2678.855778
1.338318 2648.305632
1.341460 2611.785840
1.344602 2568.970065
1.347743 2519.539983
1.350885 2463.129057
1.354026 2399.438276
1.357168 2328.092022
1.360310 2248.774241
1.363451 2161.179028
1.366593 2064.915544
1.369734 1959.710145
1.372876 1845.160779
1.376018 1720.964344
1.379159 1586.830017
1.382301 1442.337326
1.385442 1287.243327
1.388584 1121.114202
1.391726 943.662464
1.394867 754.615041
