0.004712 50441.599772
0.007854 48294.696094
0.010996 46227.952005
0.014137 44240.233481
0.017279 42328.520767
0.020420 40492.277385
0.023562 38728.580029
0.026704 37036.270569
0.029845 35414.099997
0.032987 33859.281316
0.036128 32371.050874
0.039270 30946.706957
0.042412 29584.979242
0.045553 28284.517695
0.048695 27042.740165
0.051836 25858.683735
0.054978 24729.840374
0.058119 23655.175279
0.061261 22632.250073
0.064403 21659.660809
0.067544 20735.939466
0.070686 19858.743776
0.073827 19026.878756
0.076969 18238.060626
0.080111 17490.806745
0.083252 16783.581562
0.086394 16114.180660
0.089535 15481.276787
0.092677 14882.712851
0.095819 14316.941470
0.098960 13782.373520
0.102102 13276.914523
0.105243 12799.132871
0.108385 12346.970244
0.111527 11918.828479
0.114668 11513.078835
0.117810 11127.708860
0.120951 10761.210502
0.124093 10411.632009
0.127235 10078.043296
0.130376 9760.087738
0.133518 9457.128223
0.136659 9168.923120
0.139801 8894.854258
0.142942 8634.661617
0.146084 8387.744863
0.149226 8153.754232
0.152367 7932.323504
0.155509 7722.877025
0.158650 7525.113642
0.161792 7338.472772
0.164934 7162.584427
0.168075 6997.064935
0.171217 6841.374243
0.174358 6695.176978
0.177500 6557.945393
0.180642 6429.292738
0.183783 6308.821343
0.186925 6196.019839
0.190066 6090.525555
0.193208 5991.836658
0.196350 5899.553095
0.199491 5813.266657
0.202633 5732.487745
0.205774 5656.833302
0.208916 5585.820495
0.212058 5519.039427
0.215199 5456.074809
0.218341 5396.451890
0.221482 5339.774149
0.224624 5285.570836
0.227765 5233.441979
0.230907 5182.919726
0.234049 5133.586205
0.237190 5085.022026
0.240332 5036.761668
0.243473 4988.502975
0.246615 4940.192154
0.249757 4891.880414
0.252898 4843.618963
0.256040 4795.412916
0.259181 4747.328787
0.262323 4699.371803
0.265465 4651.593146
0.268606 4604.043770
0.271748 4556.729242
0.274889 4509.715509
0.278031 4463.008480
0.281173 4416.659024
0.284314 4370.717555
0.287456 4325.190664
0.290597 4280.143160
0.293739 4235.582203
0.296881 4191.558066
0.300022 4148.120335
0.303164 4105.277198
0.306305 4063.091755
0.309447 4021.572988
0.312588 3980.783155
0.315730 3940.732128
0.318872 3901.468862
0.322013 3863.041312
0.325155 3825.460852
0.328296 3788.787233
0.331438 3753.032949
0.334580 3718.245673
0.337721 3684.471847
0.340863 3651.725812
0.344004 3620.064240
0.347146 3589.502816
0.350288 3560.087646
0.353429 3531.863378
0.356571 3504.847885
0.359712 3479.090895
0.362854 3454.565654
0.365996 3431.240205
0.369137 3409.080448
0.372279 3388.031309
0.375420 3368.065240
0.378562 3349.128563
0.381704 3331.186828
0.384845 3314.204322
0.387987 3298.129265
0.391128 3282.930943
0.394270 3268.558716
0.397411 3254.980784
0.400553 3242.147538
0.403695 3230.022449
0.406836 3218.568088
0.409978 3207.736196
0.413119 3197.492723
0.416261 3187.790180
0.419403 3178.590947
0.422544 3169.856758
0.425686 3161.541089
0.428827 3153.608285
0.431969 3146.012333
0.435111 3138.714840
0.438252 3131.677036
0.441394 3124.853475
0.444535 3118.207555
0.447677 3111.694079
0.450819 3105.274213
0.453960 3098.909006
0.457102 3092.553441
0.460243 3086.170615
0.463385 3079.715501
0.466527 3073.149150
0.469668 3066.432752
0.472810 3059.521068
0.475951 3052.377606
0.479093 3044.972376
0.482234 3037.320953
0.485376 3029.434539
0.488518 3021.331607
0.491659 3013.030907
0.494801 3004.543226
0.497942 2995.890035
0.501084 2987.081894
0.504226 2978.137611
0.507367 2969.076165
0.510509 2959.907858
0.513650 2950.654593
0.516792 2941.326551
0.519934 2931.942741
0.523075 2922.522244
0.526217 2913.075135
0.529358 2903.623492
0.532500 2894.177371
0.535642 2884.755858
0.538783 2875.378006
0.541925 2866.053918
0.545066 2856.805594
0.548208 2847.643219
0.551350 2838.585826
0.554491 2829.652315
0.557633 2820.853072
0.560774 2812.209763
0.563916 2803.732956
0.567057 2795.444115
0.570199 2787.354034
0.573341 2779.481459
0.576482 2771.844860
0.579624 2764.455446
0.582765 2757.333988
0.585907 2750.492024
0.589049 2743.947942
0.592190 2737.719748
0.595332 2731.817762
0.598473 2726.243207
0.601615 2720.980790
0.604757 2716.020493
0.607898 2711.351915
0.611040 2706.960242
0.614181 2702.836436
0.617323 2698.966030
0.620465 2695.338536
0.623606 2691.943157
0.626748 2688.765891
0.629889 2685.796926
0.633031 2683.022530
0.636173 2680.431838
0.639314 2678.013751
0.642456 2675.754890
0.645597 2673.644858
0.648739 2671.670470
0.651880 2669.821148
0.655022 2668.083877
0.658164 2666.447419
0.661305 2664.900412
0.664447 2663.430030
0.667588 2662.025375
0.670730 2660.673713
0.673872 2659.363657
0.677013 2658.083768
0.680155 2656.821391
0.683296 2655.565495
0.686438 2654.303441
0.689580 2653.023785
0.692721 2651.715107
0.695863 2650.364733
0.699004 2648.961689
0.702146 2647.493241
0.705288 2645.947983
0.708429 2644.314608
0.711571 2642.580297
0.714712 2640.740363
0.717854 2638.798762
0.720996 2636.762357
0.724137 2634.638130
0.727279 2632.431019
0.730420 2630.148718
0.733562 2627.796066
0.736703 2625.380847
0.739845 2622.907815
0.742987 2620.384023
0.746128 2617.816587
0.749270 2615.210163
0.752411 2612.572699
0.755553 2609.908807
0.758695 2607.225614
0.761836 2604.530274
0.764978 2601.827360
0.768119 2599.124882
0.771261 2596.427410
0.774403 2593.742098
0.777544 2591.076084
0.780686 2588.433961
0.783827 2585.823700
0.786969 2583.249930
0.790111 2580.719780
0.793252 2578.240323
0.796394 2575.816273
0.799535 2573.455460
0.802677 2571.162672
0.805819 2568.944965
0.808960 2566.809297
0.812102 2564.760600
0.815243 2562.806466
0.818385 2560.951942
0.821526 2559.204497
0.824668 2557.569310
0.827810 2556.053247
0.830951 2554.661993
0.834093 2553.392733
0.837234 2552.241288
0.840376 2551.201924
0.843518 2550.270023
0.846659 2549.440831
0.849801 2548.708819
0.852942 2548.069454
0.856084 2547.517328
0.859226 2547.047656
0.862367 2546.655548
0.865509 2546.335755
0.868650 2546.083481
0.871792 2545.893564
0.874934 2545.761092
0.878075 2545.681081
0.881217 2545.648479
0.884358 2545.658307
0.887500 2545.705570
0.890642 2545.785270
0.893783 2545.892367
0.896925 2546.021926
0.900066 2546.168868
0.903208 2546.328284
0.906349 2546.495073
0.909491 2546.664342
0.912633 2546.831035
0.915774 2546.990102
0.918916 2547.136641
0.922057 2547.265562
0.925199 2547.371944
0.928341 2547.450743
0.931482 2547.496945
0.934624 2547.505580
0.937765 2547.471642
0.940907 2547.390110
0.944049 2547.255985
0.947190 2547.064399
0.950332 2546.813451
0.953473 2546.506031
0.956615 2546.145025
0.959757 2545.733601
0.962898 2545.274994
0.966040 2544.771992
0.969181 2544.227995
0.972323 2543.645734
0.975465 2543.028459
0.978606 2542.379461
0.981748 2541.701407
0.984889 2540.997808
0.988031 2540.271295
0.991172 2539.525410
0.994314 2538.762758
0.997456 2537.986654
1.000597 2537.200430
1.003739 2536.406667
1.006880 2535.608947
1.010022 2534.809843
1.013164 2534.012690
1.016305 2533.220819
1.019447 2532.436805
1.022588 2531.664228
1.025730 2530.905674
1.028872 2530.164473
1.032013 2529.443931
1.035155 2528.746670
1.038296 2528.076212
1.041438 2527.435210
1.044580 2526.826962
1.047721 2526.254727
1.050863 2525.721219
1.054004 2525.229857
1.057146 2524.783407
1.060288 2524.385115
1.063429 2524.038163
1.066571 2523.744728
1.069712 2523.503817
1.072854 2523.312919
1.075995 2523.169798
1.079137 2523.072008
1.082279 2523.017242
1.085420 2523.003141
1.088562 2523.027339
1.091703 2523.087464
1.094845 2523.181198
1.097987 2523.306168
1.101128 2523.459964
1.104270 2523.640326
1.107411 2523.844783
1.110553 2524.071108
1.113695 2524.316882
1.116836 2524.579660
1.119978 2524.857253
1.123119 2525.147128
1.126261 2525.447112
1.129403 2525.754757
1.132544 2526.067604
1.135686 2526.383495
1.138827 2526.699874
1.141969 2527.014584
1.145111 2527.325167
1.148252 2527.629168
1.151394 2527.924426
1.154535 2528.208394
1.157677 2528.478898
1.160818 2528.733408
1.163960 2528.969729
1.167102 2529.185419
1.170243 2529.378063
1.173385 2529.545428
1.176526 2529.685049
1.179668 2529.794658
1.182810 2529.871929
1.185951 2529.916901
1.189093 2529.932265
1.192234 2529.920814
1.195376 2529.885345
1.198518 2529.828661
1.201659 2529.753594
1.204801 2529.662898
1.207942 2529.559435
1.211084 2529.445942
1.214226 2529.325255
1.217367 2529.200217
1.220509 2529.073554
1.223650 2528.948147
1.226792 2528.826721
1.229934 2528.712121
1.233075 2528.607182
1.236217 2528.514642
1.239358 2528.437361
1.242500 2528.378094
1.245641 2528.339681
1.248783 2528.324901
1.251925 2528.336575
1.255066 2528.377488
1.258208 2528.450471
1.261349 2528.558279
1.264491 2528.703785
1.267633 2528.889764
1.270774 2529.118941
1.273916 2529.394265
1.277057 2529.718363
1.280199 2530.094245
1.283341 2530.524621
1.286482 2531.012130
1.289624 2531.559886
1.292765 2532.170342
1.295907 2532.846693
1.299049 2533.591556
