0.004712 50617.929584
0.007854 48430.745292
0.010996 46326.865602
0.014137 44305.063242
0.017279 42362.193152
0.020420 40497.635132
0.023562 38708.344245
0.026704 36993.068191
0.029845 35350.460452
0.032987 33777.617415
0.036128 32273.683346
0.039270 30835.842931
0.042412 29462.727579
0.045553 28152.886309
0.048695 26903.627393
0.051836 25713.889122
0.054978 24581.056245
0.058119 23503.992943
0.061261 22480.155709
0.064403 21508.037980
0.067544 20586.067356
0.070686 19711.799084
0.073827 18883.932759
0.076969 18100.083548
0.080111 17358.664072
0.083252 16658.032943
0.086394 15995.886343
0.089535 15370.788843
0.092677 14780.484721
0.095819 14223.320566
0.098960 13697.600779
0.102102 13201.132917
0.105243 12732.376090
0.108385 12289.174124
0.111527 11869.822356
0.114668 11472.585760
0.117810 11095.353702
0.120951 10736.509396
0.124093 10394.005752
0.127235 10066.873479
0.130376 9754.773928
0.133518 9457.095414
0.136659 9173.614637
0.139801 8903.738134
0.142942 8647.224909
0.146084 8403.498671
0.149226 8172.230109
0.152367 7953.074055
0.155509 7745.478005
0.158650 7549.161318
0.161792 7363.586033
0.164934 7188.403346
0.168075 7023.251224
0.171217 6867.611549
0.174358 6721.170608
0.177500 6583.422198
0.180642 6454.001308
0.183783 6332.532326
0.186925 6218.524948
0.190066 6111.638962
0.193208 6011.393350
0.196350 5917.410180
0.199491 5829.303545
0.202633 5746.604388
0.205774 5668.952565
0.208916 5595.885673
0.212058 5527.016144
0.215199 5461.951066
0.218341 5400.236050
0.221482 5341.497598
0.224624 5285.285349
0.227765 5231.222301
0.230907 5178.861071
0.234049 5127.806120
0.237190 5077.660247
0.240332 5027.978618
0.243473 4978.475476
0.246615 4929.092822
0.249757 4879.875283
0.252898 4830.867272
0.256040 4782.066422
0.259181 4733.532623
0.262323 4685.263811
0.265465 4637.304323
0.268606 4589.698106
0.271748 4542.443685
0.274889 4495.599966
0.278031 4449.165959
0.281173 4403.185488
0.284314 4357.701800
0.287456 4312.714773
0.290597 4268.281868
0.293739 4224.403631
0.296881 4181.123142
0.300022 4138.482720
0.303164 4096.484051
0.306305 4055.182696
0.309447 4014.581194
0.312588 3974.734216
0.315730 3935.645229
0.318872 3897.355884
0.322013 3859.906814
0.325155 3823.303012
0.328296 3787.596605
0.331438 3752.793694
0.334580 3718.934637
0.337721 3686.058587
0.340863 3654.173451
0.344004 3623.328349
0.347146 3593.532480
0.350288 3564.824675
0.353429 3537.242382
0.356571 3510.796875
0.359712 3485.530959
0.362854 3461.417389
0.365996 3438.427258
0.369137 3416.529700
0.372279 3395.673108
0.375420 3375.833116
0.378562 3356.959429
0.381704 3339.020852
0.384845 3321.984998
0.387987 3305.803360
0.391128 3290.448592
0.394270 3275.873257
0.397411 3262.048988
0.400553 3248.929322
0.403695 3236.481105
0.406836 3224.670330
0.409978 3213.451816
0.413119 3202.795060
0.416261 3192.655614
0.419403 3182.999287
0.422544 3173.791274
0.425686 3164.988050
0.428827 3156.557574
0.431969 3148.456818
0.435111 3140.650851
0.438252 3133.104368
0.441394 3125.774902
0.444535 3118.629476
0.447677 3111.625878
0.450819 3104.728739
0.453960 3097.902554
0.457102 3091.105317
0.460243 3084.303709
0.463385 3077.455738
0.466527 3070.525896
0.469668 3063.478778
0.472810 3056.272237
0.475951 3048.873267
0.479093 3041.253652
0.482234 3033.427846
0.485376 3025.405224
0.488518 3017.202608
0.491659 3008.837045
0.494801 3000.317568
0.497942 2991.663950
0.501084 2982.885038
0.504226 2973.997929
0.507367 2965.019856
0.510509 2955.959458
0.513650 2946.836855
0.516792 2937.660595
0.519934 2928.447936
0.523075 2919.216178
0.526217 2909.973801
0.529358 2900.741040
0.532500 2891.526373
0.535642 2882.347104
0.538783 2873.220489
0.541925 2864.155075
0.545066 2855.170983
0.548208 2846.276851
0.551350 2837.489913
0.554491 2828.827268
0.557633 2820.297758
0.560774 2811.921163
0.563916 2803.706506
0.567057 2795.673369
0.570199 2787.830994
0.573341 2780.196329
0.576482 2772.786057
0.579624 2765.609818
0.582765 2758.686530
0.585907 2752.026144
0.589049 2745.645265
0.592190 2739.560144
0.595332 2733.779642
0.598473 2728.304944
0.601615 2723.121723
0.604757 2718.220840
0.607898 2713.592797
0.611040 2709.223720
0.614181 2705.105469
0.617323 2701.224493
0.620465 2697.571214
0.623606 2694.135763
0.626748 2690.905024
0.629889 2687.870134
0.633031 2685.018232
0.636173 2682.339385
0.639314 2679.823440
0.642456 2677.457868
0.645597 2675.233253
0.648739 2673.137252
0.651880 2671.160277
0.655022 2669.290142
0.658164 2667.516564
0.661305 2665.829141
0.664447 2664.215869
0.667588 2662.666854
0.670730 2661.170182
0.673872 2659.715428
0.677013 2658.292109
0.680155 2656.888395
0.683296 2655.494255
0.686438 2654.097875
0.689580 2652.688771
0.692721 2651.256473
0.695863 2649.789144
0.699004 2648.276794
0.702146 2646.707534
0.705288 2645.070908
0.708429 2643.356546
0.711571 2641.552486
0.714712 2639.654529
0.717854 2637.666195
0.720996 2635.593875
0.724137 2633.444066
0.727279 2631.221201
0.730420 2628.932491
0.733562 2626.582279
0.736703 2624.177860
0.739845 2621.723503
0.742987 2619.225765
0.746128 2616.691262
0.749270 2614.124180
0.752411 2611.531949
0.755553 2608.918721
0.758695 2606.291118
0.761836 2603.655782
0.764978 2601.016834
0.768119 2598.381753
0.771261 2595.754660
0.774403 2593.142198
0.777544 2590.550988
0.780686 2587.985182
0.783827 2585.452209
0.786969 2582.956258
0.790111 2580.503943
0.793252 2578.101820
0.796394 2575.754161
0.799535 2573.468257
0.802677 2571.248454
0.805819 2569.101291
0.808960 2567.033216
0.812102 2565.048710
0.815243 2563.154836
0.818385 2561.356187
0.821526 2559.659706
0.824668 2558.070114
0.827810 2556.593768
0.830951 2555.235922
0.834093 2553.993844
0.837234 2552.863606
0.840376 2551.839754
0.843518 2550.917932
0.846659 2550.093653
0.849801 2549.361660
0.852942 2548.717689
0.856084 2548.156596
0.859226 2547.673865
0.862367 2547.264883
0.865509 2546.924656
0.868650 2546.648670
0.871792 2546.432016
0.874934 2546.270059
0.878075 2546.158092
0.881217 2546.091311
0.884358 2546.065029
0.887500 2546.074495
0.890642 2546.114991
0.893783 2546.181757
0.896925 2546.270103
0.900066 2546.375243
0.903208 2546.492510
0.906349 2546.617100
0.909491 2546.744358
0.912633 2546.869512
0.915774 2546.987792
0.918916 2547.094541
0.922057 2547.184960
0.925199 2547.254374
0.928341 2547.298016
0.931482 2547.311155
0.934624 2547.289067
0.937765 2547.227033
0.940907 2547.120283
0.944049 2546.964095
0.947190 2546.753872
0.950332 2546.487801
0.953473 2546.168646
0.956615 2545.799129
0.959757 2545.382269
0.962898 2544.921147
0.966040 2544.418394
0.969181 2543.877253
0.972323 2543.300307
0.975465 2542.690648
0.978606 2542.051408
0.981748 2541.385108
0.984889 2540.695095
0.988031 2539.983855
0.991172 2539.254765
0.994314 2538.510286
0.997456 2537.753573
1.000597 2536.987799
1.003739 2536.215400
1.006880 2535.439792
1.010022 2534.663408
1.013164 2533.889419
1.016305 2533.120995
1.019447 2532.360572
1.022588 2531.611559
1.025730 2530.876403
1.028872 2530.158273
1.032013 2529.460311
1.035155 2528.785000
1.038296 2528.135693
1.041438 2527.514902
1.044580 2526.925764
1.047721 2526.371377
1.050863 2525.854312
1.054004 2525.377823
1.057146 2524.944532
1.060288 2524.557523
1.063429 2524.219821
1.066571 2523.933490
1.069712 2523.697579
1.072854 2523.509690
1.075995 2523.367693
1.079137 2523.269247
1.082279 2523.212154
1.085420 2523.194163
1.088562 2523.213013
1.091703 2523.266443
1.094845 2523.352237
1.097987 2523.468132
1.101128 2523.611827
1.104270 2523.781165
1.107411 2523.973789
1.110553 2524.187571
1.113695 2524.420203
1.116836 2524.669352
1.119978 2524.932927
1.123119 2525.208511
1.126261 2525.494030
1.129403 2525.787147
1.132544 2526.085516
1.135686 2526.387077
1.138827 2526.689388
1.141969 2526.990393
1.145111 2527.287745
1.148252 2527.579100
1.151394 2527.862396
1.154535 2528.135201
1.157677 2528.395441
1.160818 2528.640700
1.163960 2528.868884
1.167102 2529.077663
1.170243 2529.264730
1.173385 2529.427953
1.176526 2529.564980
1.179668 2529.673649
1.182810 2529.751736
1.185951 2529.799267
1.189093 2529.818793
1.192234 2529.812954
1.195376 2529.784400
1.198518 2529.735783
1.201659 2529.669782
1.204801 2529.589008
1.207942 2529.496165
1.211084 2529.393848
1.214226 2529.284739
1.217367 2529.171529
1.220509 2529.056799
1.223650 2528.943276
1.226792 2528.833541
1.229934 2528.730284
1.233075 2528.636189
1.236217 2528.553848
1.239358 2528.485969
1.242500 2528.435160
1.245641 2528.404107
1.248783 2528.395443
1.251925 2528.411837
1.255066 2528.455925
1.258208 2528.530387
1.261349 2528.637829
1.264491 2528.780974
1.267633 2528.962447
1.270774 2529.184825
1.273916 2529.450903
1.277057 2529.763165
1.280199 2530.124463
1.283341 2530.537359
1.286482 2531.004351
1.289624 2531.528390
1.292765 2532.111795
1.295907 2532.757590
1.299049 2533.468255
