0.003142 51376.076080
0.006283 49073.175398
0.009425 46860.053137
0.012566 44736.085676
0.015708 42697.887382
0.018850 40744.114681
0.021991 38873.316525
0.025133 37082.268485
0.028274 35370.078274
0.031416 33733.622456
0.034558 32171.424738
0.037699 30681.914302
0.040841 29262.109499
0.043982 27910.881733
0.047124 26625.337405
0.050265 25404.262457
0.053407 24244.846165
0.056549 23145.453615
0.059690 22104.373487
0.062832 21118.909666
0.065973 20187.657081
0.069115 19307.989549
0.072257 18478.178269
0.075398 17696.430973
0.078540 16960.216674
0.081681 16267.971646
0.084823 15617.221890
0.087965 15006.160895
0.091106 14432.931625
0.094248 13895.135866
0.097389 13391.083588
0.100531 12918.420624
0.103673 12475.278930
0.106814 12059.752880
0.109956 11669.544675
0.113097 11302.870342
0.116239 10957.463186
0.119381 10631.409809
0.122522 10322.772173
0.125664 10029.320538
0.128805 9749.209343
0.131947 9480.341267
0.135088 9222.042816
0.138230 8973.893182
0.141372 8735.725892
0.144513 8507.361763
0.147655 8288.405090
0.150796 8078.745057
0.153938 7877.997866
0.157080 7685.981361
0.160221 7502.502267
0.163363 7327.193461
0.166504 7159.916341
0.169646 7000.314099
0.172788 6848.190883
0.175929 6703.341321
0.179071 6565.422885
0.182212 6434.273175
0.185354 6309.558385
0.188496 6191.070962
0.191637 6078.595428
0.194779 5971.809868
0.197920 5870.532063
0.201062 5774.447229
0.204204 5683.338104
0.207345 5596.981094
0.210487 5515.070912
0.213628 5437.409509
0.216770 5363.697136
0.219911 5293.730523
0.223053 5227.214822
0.226195 5163.922525
0.229336 5103.622019
0.232478 5046.024611
0.235619 4990.916773
0.238761 4938.013119
0.241903 4887.081209
0.245044 4837.886096
0.248186 4790.146158
0.251327 4743.641591
0.254469 4698.092488
0.257611 4653.267422
0.260752 4609.047650
0.263894 4565.400302
0.267035 4522.355275
0.270177 4479.887278
0.273319 4438.012223
0.276460 4396.745271
0.279602 4356.062261
0.282743 4315.991204
0.285885 4276.508701
0.289027 4237.629722
0.292168 4199.368467
0.295310 4161.702690
0.298451 4124.658481
0.301593 4088.214369
0.304734 4052.395666
0.307876 4017.181681
0.311018 3982.586031
0.314159 3948.621548
0.317301 3915.268721
0.320442 3882.550894
0.323584 3850.449351
0.326726 3818.976724
0.329867 3788.144845
0.333009 3757.936197
0.336150 3728.372124
0.339292 3699.435918
0.342434 3671.139208
0.345575 3643.492811
0.348717 3616.481237
0.351858 3590.123797
0.355000 3564.405822
0.358142 3539.337925
0.361283 3514.929887
0.364425 3491.168282
0.367566 3468.070352
0.370708 3445.623504
0.373850 3423.837313
0.376991 3402.720513
0.380133 3382.261772
0.383274 3362.476211
0.386416 3343.348123
0.389557 3324.874362
0.392699 3307.026082
0.395841 3289.792180
0.398982 3273.160770
0.402124 3257.104181
0.405265 3241.615559
0.408407 3226.667957
0.411549 3212.249311
0.414690 3198.346878
0.417832 3184.934724
0.420973 3172.004313
0.424115 3159.530327
0.427257 3147.499872
0.430398 3135.899487
0.433540 3124.704706
0.436681 3113.905577
0.439823 3103.478143
0.442965 3093.408816
0.446106 3083.683553
0.449248 3074.279079
0.452389 3065.184305
0.455531 3056.376359
0.458673 3047.841096
0.461814 3039.564027
0.464956 3031.522797
0.468097 3023.705452
0.471239 3016.089930
0.474380 3008.664004
0.477522 3001.405863
0.480664 2994.300815
0.483805 2987.333969
0.486947 2980.483807
0.490088 2973.737616
0.493230 2967.074016
0.496372 2960.478084
0.499513 2953.934811
0.502655 2947.422946
0.505796 2940.929561
0.508938 2934.433438
0.512080 2927.922130
0.515221 2921.396727
0.518363 2914.856515
0.521504 2908.309100
0.524646 2901.753757
0.527788 2895.196017
0.530929 2888.641409
0.534071 2882.089205
0.537212 2875.547019
0.540354 2869.014129
0.543496 2862.496066
0.546637 2855.998339
0.549779 2849.520257
0.552920 2843.069385
0.556062 2836.645061
0.559203 2830.254816
0.562345 2823.898028
0.565487 2817.580179
0.568628 2811.306707
0.571770 2805.077061
0.574911 2798.898650
0.578053 2792.770983
0.581195 2786.699482
0.584336 2780.689495
0.587478 2774.740640
0.590619 2768.860147
0.593761 2763.047715
0.596903 2757.308674
0.600044 2751.648257
0.603186 2746.066306
0.606327 2740.569816
0.609469 2735.158733
0.612611 2729.838264
0.615752 2724.613504
0.618894 2719.484569
0.622035 2714.458169
0.625177 2709.534546
0.628319 2704.718762
0.631460 2700.015743
0.634602 2695.425939
0.637743 2690.955495
0.640885 2686.601963
0.644026 2682.366534
0.647168 2678.244888
0.650310 2674.236769
0.653451 2670.341777
0.656593 2666.555809
0.659734 2662.879654
0.662876 2659.309348
0.666018 2655.844457
0.669159 2652.484411
0.672301 2649.225448
0.675442 2646.068021
0.678584 2643.008498
0.681726 2640.046276
0.684867 2637.180630
0.688009 2634.408113
0.691150 2631.728868
0.694292 2629.139568
0.697434 2626.639456
0.700575 2624.227664
0.703717 2621.901034
0.706858 2619.659426
0.710000 2617.499789
0.713142 2615.421229
0.716283 2613.422745
0.719425 2611.501444
0.722566 2609.656926
0.725708 2607.886395
0.728849 2606.189356
0.731991 2604.563106
0.735133 2603.006574
0.738274 2601.518600
0.741416 2600.096616
0.744557 2598.739903
0.747699 2597.445976
0.750841 2596.213655
0.753982 2595.041680
0.757124 2593.927683
0.760265 2592.870751
0.763407 2591.868575
0.766549 2590.919153
0.769690 2590.019404
0.772832 2589.165319
0.775973 2588.354005
0.779115 2587.581509
0.782257 2586.844658
0.785398 2586.140232
0.788540 2585.464346
0.791681 2584.813995
0.794823 2584.185328
0.797965 2583.575117
0.801106 2582.980111
0.804248 2582.396495
0.807389 2581.821204
0.810531 2581.250435
0.813672 2580.681116
0.816814 2580.109446
0.819956 2579.532170
0.823097 2578.946036
0.826239 2578.347236
0.829380 2577.732714
0.832522 2577.098643
0.835664 2576.441776
0.838805 2575.758897
0.841947 2575.046136
0.845088 2574.300509
0.848230 2573.518105
0.851372 2572.695718
0.854513 2571.830192
0.857655 2570.917539
0.860796 2569.954905
0.863938 2568.938239
0.867080 2567.864401
0.870221 2566.730325
0.873363 2565.531851
0.876504 2564.266307
0.879646 2562.929448
0.882788 2561.518230
0.885929 2560.029702
0.889071 2558.459478
0.892212 2556.807580
0.895354 2555.079475
0.898495 2553.284201
0.901637 2551.428559
0.904779 2549.521055
0.907920 2547.570261
0.911062 2545.582877
0.914203 2543.568109
0.917345 2541.532616
0.920487 2539.484981
0.923628 2537.433802
0.926770 2535.385715
0.929911 2533.349965
0.933053 2531.333197
0.936195 2529.344006
0.939336 2527.390954
0.942478 2525.480740
0.945619 2523.622519
0.948761 2521.823051
0.951903 2520.090881
0.955044 2518.434468
0.958186 2516.860702
0.961327 2515.378522
0.964469 2513.994929
0.967611 2512.718354
0.970752 2511.557093
0.973894 2510.518349
0.977035 2509.610724
0.980177 2508.841581
0.983319 2508.219177
0.986460 2507.751580
0.989602 2507.446434
0.992743 2507.311874
0.995885 2507.355757
0.999026 2507.585995
1.002168 2508.010677
1.005310 2508.637705
1.008451 2509.474723
1.011593 2510.530208
1.014734 2511.811426
1.017876 2513.324729
1.021018 2515.058488
1.024159 2516.993647
1.027301 2519.113002
1.030442 2521.396781
1.033584 2523.828003
1.036726 2526.387530
1.039867 2529.056057
1.043009 2531.816850
1.046150 2534.649728
1.049292 2537.538060
1.052434 2540.462517
1.055575 2543.403723
1.058717 2546.345119
1.061858 2549.266406
1.065000 2552.151012
1.068142 2554.979563
1.071283 2557.732760
1.074425 2560.393921
1.077566 2562.942929
1.080708 2565.362972
1.083849 2567.634084
1.086991 2569.739279
1.090133 2571.659371
1.093274 2573.375409
1.096416 2574.870053
1.099557 2576.123926
1.102699 2577.119394
1.105841 2577.837579
1.108982 2578.259959
1.112124 2578.368368
1.115265 2578.144313
1.118407 2577.569217
1.121549 2576.624660
1.124690 2575.292692
1.127832 2573.554030
1.130973 2571.391357
1.134115 2568.784862
1.137257 2565.716727
1.140398 2562.169721
1.143540 2558.125006
1.146681 2553.603294
1.149823 2548.650689
1.152965 2543.318626
1.156106 2537.659023
1.159248 2531.718331
1.162389 2525.550366
1.165531 2519.201255
1.168672 2512.725075
1.171814 2506.167756
1.174956 2499.581412
1.178097 2493.018192
1.181239 2486.523972
1.184380 2480.152919
1.187522 2473.951034
1.190664 2467.970435
1.193805 2462.262958
1.196947 2456.875025
1.200088 2451.860100
1.203230 2447.265045
1.206372 2443.141586
1.209513 2439.540852
1.212655 2436.510603
1.215796 2434.102803
1.218938 2432.365975
1.222080 2431.351055
1.225221 2431.108060
1.228363 2431.686892
1.231504 2433.137217
1.234646 2435.510012
1.237788 2438.855026
1.240929 2443.220771
1.244071 2448.660081
1.247212 2455.219527
1.250354 2462.953343
1.253495 2471.906639
1.256637 2482.135171
1.259779 2493.686355
1.262920 2506.605922
1.266062 2520.952155
1.269203 2536.764653
1.272345 2553.974963
1.275487 2572.267391
1.278628 2591.300157
1.281770 2610.749828
1.284911 2630.268619
1.288053 2649.533406
1.291195 2668.202332
1.294336 2685.934297
1.297478 2702.405040
1.300619 2717.268671
1.303761 2730.199105
1.306903 2740.855696
1.310044 2748.900698
1.313186 2754.003681
1.316327 2755.825990
1.319469 2754.033237
1.322611 2748.288663
1.325752 2738.260538
1.328894 2723.606929
1.332035 2704.001755
1.335177 2679.096983
1.338318 2648.573059
1.341460 2612.074998
1.344602 2569.275964
1.347743 2519.857144
1.350885 2463.451521
1.354026 2399.759594
1.357168 2328.405255
1.360310 2249.071964
1.363451 2161.453336
1.366593 2065.158031
1.369734 1959.911937
1.372876 1845.312489
1.376018 1721.056110
1.379159 1586.851511
1.382301 1442.277691
1.385442 1287.091268
1.388584 1120.857880
1.391726 943.289579
1.394867 754.112848
