0.004712 51349.201735
0.007854 48994.554593
0.010996 46736.276345
0.014137 44572.752710
0.017279 42500.318341
0.020420 40518.005644
0.023562 38622.264655
0.026704 36811.452251
0.029845 35083.817199
0.032987 33435.971698
0.036128 31866.677887
0.039270 30372.648789
0.042412 28952.107969
0.045553 27603.185440
0.048695 26322.734546
0.051836 25109.283564
0.054978 23959.772097
0.058119 22872.645075
0.061261 21844.922536
0.064403 20874.671987
0.067544 19959.887776
0.070686 19097.699678
0.073827 18286.369731
0.076969 17523.093585
0.080111 16805.849120
0.083252 16132.555621
0.086394 15500.496631
0.089535 14907.787702
0.092677 14351.763687
0.095819 13830.331045
0.098960 13341.352201
0.102102 12882.228058
0.105243 12450.964088
0.108385 12044.997943
0.111527 11662.182863
0.114668 11300.342616
0.117810 10956.959057
0.120951 10629.963989
0.124093 10316.914614
0.127235 10016.678587
0.130376 9728.991302
0.133518 9453.346160
0.136659 9189.595336
0.139801 8937.247470
0.142942 8696.139911
0.146084 8465.795716
0.149226 8245.969902
0.152367 8036.404094
0.155509 7836.641436
0.158650 7646.485802
0.161792 7465.492693
0.164934 7293.400647
0.168075 7129.936871
0.171217 6974.673860
0.174358 6827.387165
0.177500 6687.659583
0.180642 6555.215746
0.183783 6429.771014
0.186925 6310.922092
0.190066 6198.421349
0.193208 6091.873735
0.196350 5990.992547
0.199491 5895.483873
0.202633 5804.963480
0.205774 5719.165704
0.208916 5637.712497
0.212058 5560.308400
0.215199 5486.652798
0.218341 5416.375373
0.221482 5349.197578
0.224624 5284.753220
0.227765 5222.760036
0.230907 5162.855136
0.234049 5104.735121
0.237190 5048.094321
0.240332 4992.573292
0.243473 4937.953977
0.246615 4884.161289
0.249757 4831.212962
0.252898 4779.125655
0.256040 4727.866412
0.259181 4677.468073
0.262323 4627.898757
0.265465 4579.174854
0.268606 4531.311680
0.271748 4484.278967
0.274889 4438.106864
0.278031 4392.766183
0.281173 4348.271968
0.284314 4304.638186
0.287456 4261.837266
0.290597 4219.896661
0.293739 4178.789877
0.296881 4138.530612
0.300022 4099.131485
0.303164 4060.567620
0.306305 4022.863774
0.309447 3985.996150
0.312588 3949.988427
0.315730 3914.817887
0.318872 3880.496339
0.322013 3847.034513
0.325155 3814.411312
0.328296 3782.647713
0.331438 3751.723701
0.334580 3721.649734
0.337721 3692.435189
0.340863 3664.061674
0.344004 3636.547460
0.347146 3609.875238
0.350288 3584.054115
0.353429 3559.092112
0.356571 3534.973545
0.359712 3511.712930
0.362854 3489.280983
0.365996 3467.661235
0.369137 3446.835988
0.372279 3426.767779
0.375420 3407.445195
0.378562 3388.831730
0.381704 3370.909448
0.384845 3353.659528
0.387987 3337.046789
0.391128 3321.057614
0.394270 3305.657623
0.397411 3290.832428
0.400553 3276.548389
0.403695 3262.786110
0.406836 3249.525528
0.409978 3236.734001
0.413119 3224.395480
0.416261 3212.477910
0.419403 3200.961081
0.422544 3189.824276
0.425686 3179.036204
0.428827 3168.579541
0.431969 3158.423430
0.435111 3148.547043
0.438252 3138.929198
0.441394 3129.539572
0.444535 3120.359950
0.447677 3111.360289
0.450819 3102.519335
0.453960 3093.815634
0.457102 3085.219445
0.460243 3076.712048
0.463385 3068.263827
0.466527 3059.853297
0.469668 3051.458924
0.472810 3043.051162
0.475951 3034.611205
0.479093 3026.118071
0.482234 3017.581655
0.485376 3009.003894
0.488518 3000.394874
0.491659 2991.764720
0.494801 2983.115309
0.497942 2974.459517
0.501084 2965.799205
0.504226 2957.144503
0.507367 2948.505532
0.510509 2939.884165
0.513650 2931.293260
0.516792 2922.734717
0.519934 2914.218653
0.523075 2905.755128
0.526217 2897.346125
0.529358 2889.004367
0.532500 2880.731915
0.535642 2872.538810
0.538783 2864.434991
0.541925 2856.422673
0.545066 2848.514324
0.548208 2840.712282
0.551350 2833.026456
0.554491 2825.466607
0.557633 2818.035294
0.560774 2810.744616
0.563916 2803.597305
0.567057 2796.605279
0.570199 2789.771459
0.573341 2783.105471
0.576482 2776.616726
0.579624 2770.308466
0.582765 2764.192076
0.585907 2758.271033
0.589049 2752.554690
0.592190 2747.052140
0.595332 2741.766316
0.598473 2736.698238
0.601615 2731.837519
0.604757 2727.178595
0.607898 2722.715647
0.611040 2718.438624
0.614181 2714.343042
0.617323 2710.419085
0.620465 2706.660875
0.623606 2703.062322
0.626748 2699.613925
0.629889 2696.310674
0.633031 2693.143256
0.636173 2690.105536
0.639314 2687.191211
0.642456 2684.391217
0.645597 2681.700130
0.648739 2679.109029
0.651880 2676.612356
0.655022 2674.201313
0.658164 2671.869498
0.661305 2669.610410
0.664447 2667.415401
0.667588 2665.278662
0.670730 2663.191624
0.673872 2661.147766
0.677013 2659.140510
0.680155 2657.161370
0.683296 2655.204399
0.686438 2653.261143
0.689580 2651.325017
0.692721 2649.389428
0.695863 2647.445933
0.699004 2645.488564
0.702146 2643.508867
0.705288 2641.500250
0.708429 2639.456161
0.711571 2637.368126
0.714712 2635.233937
0.717854 2633.055333
0.720996 2630.836786
0.724137 2628.582822
0.727279 2626.295808
0.730420 2623.980998
0.733562 2621.640719
0.736703 2619.280262
0.739845 2616.901924
0.742987 2614.510257
0.746128 2612.109826
0.749270 2609.702906
0.752411 2607.294829
0.755553 2604.887861
0.758695 2602.486572
0.761836 2600.095523
0.764978 2597.716993
0.768119 2595.356297
0.771261 2593.015731
0.774403 2590.699852
0.777544 2588.413187
0.780686 2586.158080
0.783827 2583.939766
0.786969 2581.760634
0.790111 2579.625198
0.793252 2577.537918
0.796394 2575.501265
0.799535 2573.520336
0.802677 2571.597670
0.805819 2569.737709
0.808960 2567.944815
0.812102 2566.221649
0.815243 2564.573106
0.818385 2563.001937
0.821526 2561.512944
0.824668 2560.108978
0.827810 2558.794330
0.830951 2557.572496
0.834093 2556.441083
0.837234 2555.397180
0.840376 2554.436483
0.843518 2553.555695
0.846659 2552.751421
0.849801 2552.019508
0.852942 2551.356784
0.856084 2550.759185
0.859226 2550.223294
0.862367 2549.745612
0.865509 2549.322194
0.868650 2548.949672
0.871792 2548.624168
0.874934 2548.342168
0.878075 2548.100102
0.881217 2547.894175
0.884358 2547.720880
0.887500 2547.576466
0.890642 2547.457353
0.893783 2547.359927
0.896925 2547.280486
0.900066 2547.215443
0.903208 2547.161114
0.906349 2547.113898
0.909491 2547.070122
0.912633 2547.026163
0.915774 2546.978395
0.918916 2546.923147
0.922057 2546.856817
0.925199 2546.775721
0.928341 2546.676239
0.931482 2546.554771
0.934624 2546.407599
0.937765 2546.231180
0.940907 2546.021760
0.944049 2545.775750
0.947190 2545.489653
0.950332 2545.162014
0.953473 2544.795081
0.956615 2544.390916
0.959757 2543.951926
0.962898 2543.480562
0.966040 2542.978820
0.969181 2542.449314
0.972323 2541.894004
0.975465 2541.315348
0.978606 2540.715838
0.981748 2540.097388
0.984889 2539.462686
0.988031 2538.813624
0.991172 2538.152910
0.994314 2537.482418
0.997456 2536.804655
1.000597 2536.122133
1.003739 2535.436714
1.006880 2534.751130
1.010022 2534.067239
1.013164 2533.387556
1.016305 2532.714590
1.019447 2532.050209
1.022588 2531.397131
1.025730 2530.757235
1.028872 2530.133028
1.032013 2529.526995
1.035155 2528.941046
1.038296 2528.377851
1.041438 2527.839344
1.044580 2527.328007
1.047721 2526.846283
1.050863 2526.396161
1.054004 2525.980224
1.057146 2525.600502
1.060288 2525.259429
1.063429 2524.959390
1.066571 2524.701976
1.069712 2524.486425
1.072854 2524.310787
1.075995 2524.173362
1.079137 2524.072248
1.082279 2524.005681
1.085420 2523.971854
1.088562 2523.968931
1.091703 2523.995102
1.094845 2524.048570
1.097987 2524.127518
1.101128 2524.230094
1.104270 2524.354552
1.107411 2524.499000
1.110553 2524.661715
1.113695 2524.840842
1.116836 2525.034503
1.119978 2525.241008
1.123119 2525.458413
1.126261 2525.685042
1.129403 2525.919015
1.132544 2526.158440
1.135686 2526.401657
1.138827 2526.646699
1.141969 2526.891908
1.145111 2527.135392
1.148252 2527.375262
1.151394 2527.609858
1.154535 2527.837217
1.157677 2528.055671
1.160818 2528.263268
1.163960 2528.458328
1.167102 2528.638968
1.170243 2528.803325
1.173385 2528.949690
1.176526 2529.076158
1.179668 2529.180995
1.182810 2529.262406
1.185951 2529.320358
1.189093 2529.356827
1.192234 2529.373834
1.195376 2529.373433
1.198518 2529.357659
1.201659 2529.328568
1.204801 2529.288185
1.207942 2529.238578
1.211084 2529.181761
1.214226 2529.119790
1.217367 2529.054732
1.220509 2528.988588
1.223650 2528.923445
1.226792 2528.861302
1.229934 2528.804227
1.233075 2528.754278
1.236217 2528.713466
1.239358 2528.683861
1.242500 2528.667486
1.245641 2528.666396
1.248783 2528.682634
1.251925 2528.718245
1.255066 2528.775254
1.258208 2528.855740
1.261349 2528.961693
1.264491 2529.095227
1.267633 2529.258354
1.270774 2529.453053
1.273916 2529.681490
1.277057 2529.945564
1.280199 2530.247485
1.283341 2530.589221
1.286482 2530.972685
1.289624 2531.400167
1.292765 2531.873436
1.295907 2532.394837
1.299049 2532.966272
