0.004712 46514.095475
0.007854 45278.534847
0.010996 44049.634255
0.014137 42828.500336
0.017279 41615.074468
0.020420 40410.847661
0.023562 39215.772059
0.026704 38030.951607
0.029845 36857.477196
0.032987 35695.320550
0.036128 34545.940044
0.039270 33409.322745
0.042412 32286.555709
0.045553 31178.708360
0.048695 30085.794212
0.051836 29009.227563
0.054978 27949.041844
0.058119 26906.630520
0.061261 25882.048771
0.064403 24876.350397
0.067544 23890.565160
0.070686 22924.784297
0.073827 21980.341180
0.076969 21057.353368
0.080111 20156.844044
0.083252 19279.807776
0.086394 18426.405045
0.089535 17597.897690
0.092677 16794.477091
0.095819 16017.130094
0.098960 15266.810351
0.102102 14543.759028
0.105243 13849.154991
0.108385 13183.274883
0.111527 12547.063488
0.114668 11941.427826
0.117810 11366.701187
0.120951 10823.968025
0.124093 10313.554178
0.127235 9835.418893
0.130376 9388.690345
0.133518 8972.047702
0.136659 8584.720233
0.139801 8225.424931
0.142942 7893.354559
0.146084 7587.261295
0.149226 7306.218466
0.152367 7049.267510
0.155509 6815.208436
0.158650 6603.154291
0.161792 6411.933671
0.164934 6240.580869
0.168075 6088.104886
0.171217 5953.372255
0.174358 5835.432797
0.177500 5733.175034
0.180642 5645.602472
0.183783 5571.699922
0.186925 5510.383946
0.190066 5460.657634
0.193208 5421.452942
0.196350 5391.750834
0.199491 5370.520176
0.202633 5356.711070
0.205774 5349.296364
0.208916 5347.234956
0.212058 5349.493516
0.215199 5355.033210
0.218341 5362.821186
0.221482 5371.816545
0.224624 5380.988636
0.227765 5389.295678
0.230907 5395.706581
0.234049 5399.181853
0.237190 5398.685738
0.240332 5393.181704
0.243473 5381.918955
0.246615 5364.994906
0.249757 5342.680173
0.252898 5315.252232
0.256040 5282.961506
0.259181 5246.096322
0.262323 5204.901095
0.265465 5159.654803
0.268606 5110.641582
0.271748 5058.098110
0.274889 5002.325607
0.278031 4943.556447
0.281173 4882.075842
0.284314 4818.172455
0.287456 4752.073484
0.290597 4684.088776
0.293739 4614.442930
0.296881 4543.425258
0.300022 4471.326821
0.303164 4398.369596
0.306305 4324.867798
0.309447 4251.042512
0.312588 4177.208503
0.315730 4103.586646
0.318872 4030.468414
0.322013 3958.144641
0.325155 3886.837160
0.328296 3816.859137
0.331438 3748.433899
0.334580 3681.851906
0.337721 3617.401272
0.340863 3555.308844
0.344004 3495.881920
0.347146 3439.350548
0.350288 3386.002041
0.353429 3336.119660
0.356571 3289.939530
0.359712 3247.740649
0.362854 3209.509460
0.365996 3175.108021
0.369137 3144.390124
0.372279 3117.180835
0.375420 3093.342163
0.378562 3072.703551
0.381704 3055.117700
0.384845 3040.433421
0.387987 3028.485989
0.391128 3019.127697
0.394270 3012.197212
0.397411 3007.543632
0.400553 3005.008620
0.403695 3004.438592
0.406836 3005.677466
0.409978 3008.570654
0.413119 3012.961003
0.416261 3018.695933
0.419403 3025.618858
0.422544 3033.571681
0.425686 3042.404091
0.428827 3051.955153
0.431969 3062.075573
0.435111 3072.606999
0.438252 3083.390556
0.441394 3094.277735
0.444535 3105.106294
0.447677 3115.727752
0.450819 3125.983228
0.453960 3135.714304
0.457102 3144.771800
0.460243 3152.994641
0.463385 3160.232685
0.466527 3166.327757
0.469668 3171.123136
0.472810 3174.466498
0.475951 3176.200636
0.479093 3176.234282
0.482234 3174.622412
0.485376 3171.440156
0.488518 3166.763942
0.491659 3160.672102
0.494801 3153.236912
0.497942 3144.539226
0.501084 3134.649660
0.504226 3123.646960
0.507367 3111.611290
0.510509 3098.611140
0.513650 3084.730907
0.516792 3070.037907
0.519934 3054.612598
0.523075 3038.536368
0.526217 3021.875134
0.529358 3004.715625
0.532500 2987.123068
0.535642 2969.179026
0.538783 2950.965506
0.541925 2932.547065
0.545066 2914.011550
0.548208 2895.423313
0.551350 2876.864413
0.554491 2858.416874
0.557633 2840.145102
0.560774 2822.136852
0.563916 2804.456810
0.567057 2787.192353
0.570199 2770.408641
0.573341 2754.187416
0.576482 2738.609700
0.579624 2723.741730
0.582765 2709.669092
0.585907 2696.458978
0.589049 2684.192174
0.592190 2672.948264
0.595332 2662.788544
0.598473 2653.715607
0.601615 2645.680172
0.604757 2638.641376
0.607898 2632.557086
0.611040 2627.379518
0.614181 2623.068075
0.617323 2619.576101
0.620465 2616.861183
0.623606 2614.879916
0.626748 2613.587128
0.629889 2612.939751
0.633031 2612.893461
0.636173 2613.404642
0.639314 2614.428970
0.642456 2615.923185
0.645597 2617.842444
0.648739 2620.144060
0.651880 2622.782674
0.655022 2625.716057
0.658164 2628.899496
0.661305 2632.287964
0.664447 2635.839707
0.667588 2639.508572
0.670730 2643.252985
0.673872 2647.027871
0.677013 2650.788119
0.680155 2654.492212
0.683296 2658.093899
0.686438 2661.551564
0.689580 2664.820120
0.692721 2667.854719
0.695863 2670.613383
0.699004 2673.050464
0.702146 2675.123604
0.705288 2676.788050
0.708429 2677.999571
0.711571 2678.715258
0.714712 2678.913244
0.717854 2678.612877
0.720996 2677.837564
0.724137 2676.611315
0.727279 2674.956895
0.730420 2672.898893
0.733562 2670.459543
0.736703 2667.663933
0.739845 2664.533830
0.742987 2661.093617
0.746128 2657.368077
0.749270 2653.378383
0.752411 2649.150609
0.755553 2644.705609
0.758695 2640.068243
0.761836 2635.263617
0.764978 2630.312217
0.768119 2625.240730
0.771261 2620.069472
0.774403 2614.823591
0.777544 2609.528330
0.780686 2604.203863
0.783827 2598.877115
0.786969 2593.568238
0.790111 2588.302481
0.793252 2583.105037
0.796394 2577.996141
0.799535 2573.002583
0.802677 2568.144726
0.805819 2563.447731
0.808960 2558.936555
0.812102 2554.631871
0.815243 2550.559953
0.818385 2546.741754
0.821526 2543.203241
0.824668 2539.965705
0.827810 2537.053870
0.830951 2534.488580
0.834093 2532.264103
0.837234 2530.367466
0.840376 2528.783029
0.843518 2527.497009
0.846659 2526.495244
0.849801 2525.762664
0.852942 2525.285308
0.856084 2525.048439
0.859226 2525.037812
0.862367 2525.238892
0.865509 2525.637376
0.868650 2526.218583
0.871792 2526.968449
0.874934 2527.872381
0.878075 2528.915589
0.881217 2530.084304
0.884358 2531.363355
0.887500 2532.739123
0.890642 2534.196782
0.893783 2535.721398
0.896925 2537.299511
0.900066 2538.915688
0.903208 2540.556526
0.906349 2542.206552
0.909491 2543.852385
0.912633 2545.479062
0.915774 2547.071647
0.918916 2548.616721
0.922057 2550.098872
0.925199 2551.504612
0.928341 2552.819021
0.931482 2554.027296
0.934624 2555.115773
0.937765 2556.069331
0.940907 2556.874146
0.944049 2557.515453
0.947190 2557.978883
0.950332 2558.259443
0.953473 2558.364482
0.956615 2558.302582
0.959757 2558.082199
0.962898 2557.711993
0.966040 2557.200244
0.969181 2556.555788
0.972323 2555.786733
0.975465 2554.901779
0.978606 2553.909776
0.981748 2552.818610
0.984889 2551.637485
0.988031 2550.374166
0.991172 2549.037969
0.994314 2547.636559
0.997456 2546.178868
1.000597 2544.673898
1.003739 2543.129209
1.006880 2541.554295
1.010022 2539.956668
1.013164 2538.345344
1.016305 2536.729355
1.019447 2535.116187
1.022588 2533.515380
1.025730 2531.934430
1.028872 2530.382366
1.032013 2528.868182
1.035155 2527.399428
1.038296 2525.985553
1.041438 2524.634171
1.044580 2523.354259
1.047721 2522.154704
1.050863 2521.043258
1.054004 2520.029139
1.057146 2519.120218
1.060288 2518.325351
1.063429 2517.653250
1.066571 2517.110169
1.069712 2516.693492
1.072854 2516.396826
1.075995 2516.214237
1.079137 2516.139482
1.082279 2516.166506
1.085420 2516.289129
1.088562 2516.501300
1.091703 2516.796759
1.094845 2517.169569
1.097987 2517.613519
1.101128 2518.122308
1.104270 2518.690133
1.107411 2519.310508
1.110553 2519.977701
1.113695 2520.685394
1.116836 2521.427216
1.119978 2522.197513
1.123119 2522.989670
1.126261 2523.798064
1.129403 2524.616317
1.132544 2525.438039
1.135686 2526.257626
1.138827 2527.068431
1.141969 2527.864844
1.145111 2528.640475
1.148252 2529.388964
1.151394 2530.104658
1.154535 2530.780978
1.157677 2531.412227
1.160818 2531.991880
1.163960 2532.514176
1.167102 2532.972796
1.170243 2533.361498
1.173385 2533.674401
1.176526 2533.905184
1.179668 2534.047864
1.182810 2534.096449
1.185951 2534.051454
1.189093 2533.920539
1.192234 2533.711853
1.195376 2533.433333
1.198518 2533.093109
1.201659 2532.699385
1.204801 2532.259982
1.207942 2531.783246
1.211084 2531.276945
1.214226 2530.749299
1.217367 2530.208552
1.220509 2529.662433
1.223650 2529.119355
1.226792 2528.587044
1.229934 2528.073746
1.233075 2527.587685
1.236217 2527.136620
1.239358 2526.728907
1.242500 2526.372357
1.245641 2526.075265
1.248783 2525.845511
1.251925 2525.691273
1.255066 2525.620632
1.258208 2525.641615
1.261349 2525.762275
1.264491 2525.990759
1.267633 2526.335119
1.270774 2526.803258
1.273916 2527.403544
1.277057 2528.143664
1.280199 2529.032158
1.283341 2530.076887
1.286482 2531.285513
1.289624 2532.666875
1.292765 2534.228161
1.295907 2535.978437
1.299049 2537.925307
