0.003142 51463.685664
0.006283 49141.267158
0.009425 46910.058249
0.012566 44769.402579
0.015708 42715.859617
0.018850 40748.047035
0.021991 38864.473374
0.025133 37061.861799
0.028274 35339.283130
0.031416 33693.563044
0.034558 32123.184457
0.037699 30626.534378
0.040841 29200.582340
0.043982 27844.159408
0.047124 26554.324403
0.050265 25329.821744
0.053407 24167.794252
0.056549 23066.563958
0.059690 22024.375497
0.062832 21038.487777
0.065973 20107.451745
0.069115 19228.597083
0.072257 18400.150735
0.075398 17620.275481
0.078540 16886.397253
0.081681 16196.906582
0.084823 15549.286953
0.087965 14941.686759
0.091106 14372.203446
0.094248 13838.396913
0.097389 13338.530339
0.100531 12870.207949
0.103673 12431.516112
0.106814 12020.503476
0.109956 11634.830843
0.113097 11272.667101
0.116239 10931.704154
0.119381 10609.982879
0.122522 10305.519655
0.125664 10016.043127
0.128805 9739.660951
0.131947 9474.237371
0.135088 9219.088428
0.138230 8973.804882
0.141372 8738.228956
0.144513 8512.190515
0.147655 8295.305078
0.150796 8087.470249
0.153938 7888.313137
0.157080 7697.660711
0.160221 7515.329113
0.163363 7340.961690
0.166504 7174.428984
0.169646 7015.384402
0.172788 6863.641571
0.175929 6719.004825
0.179071 6581.141513
0.182212 6449.898939
0.185354 6324.952982
0.188496 6206.105842
0.191637 6093.151958
0.194779 5985.778851
0.197920 5883.814419
0.201062 5786.953183
0.204204 5694.987830
0.207345 5607.704816
0.210487 5524.808011
0.213628 5446.109731
0.216770 5371.319310
0.219911 5300.243906
0.223053 5232.597706
0.226195 5168.163298
0.229336 5106.719179
0.232478 5047.985670
0.235619 4991.759707
0.238761 4937.764934
0.241903 4885.779018
0.245044 4835.577069
0.248186 4786.886567
0.251327 4739.498054
0.254469 4693.140803
0.257611 4647.593222
0.260752 4602.740422
0.263894 4558.546180
0.267035 4515.037442
0.270177 4472.185319
0.273319 4430.002584
0.276460 4388.501156
0.279602 4347.653424
0.282743 4307.484204
0.285885 4267.966733
0.289027 4229.112719
0.292168 4190.933026
0.295310 4153.402158
0.298451 4116.542819
0.301593 4080.330353
0.304734 4044.786626
0.307876 4009.887820
0.311018 3975.644169
0.314159 3942.065073
0.317301 3909.127966
0.320442 3876.852628
0.323584 3845.217322
0.326726 3814.231242
0.329867 3783.902753
0.333009 3754.211358
0.336150 3725.174772
0.339292 3696.773321
0.342434 3669.015164
0.345575 3641.907644
0.348717 3615.432315
0.351858 3589.604844
0.355000 3564.407600
0.358142 3539.847721
0.361283 3515.931534
0.364425 3492.642624
0.367566 3469.994631
0.370708 3447.971948
0.373850 3426.580700
0.376991 3405.826208
0.380133 3385.694071
0.383274 3366.195904
0.386416 3347.314211
0.389557 3329.046814
0.392699 3311.366574
0.395841 3294.263890
0.398982 3277.728425
0.402124 3261.734143
0.405265 3246.275723
0.408407 3231.327812
0.411549 3216.879902
0.414690 3202.920851
0.417832 3189.426262
0.420973 3176.389221
0.424115 3163.785919
0.427257 3151.605066
0.430398 3139.834832
0.433540 3128.452215
0.436681 3117.448958
0.439823 3106.802546
0.442965 3096.501029
0.446106 3086.532017
0.449248 3076.873653
0.452389 3067.516584
0.455531 3058.439343
0.458673 3049.629442
0.461814 3041.074055
0.464956 3032.752225
0.468097 3024.653748
0.471239 3016.757958
0.474380 3009.054379
0.477522 3001.522597
0.480664 2994.149582
0.483805 2986.922100
0.486947 2979.820042
0.490088 2972.832425
0.493230 2965.939292
0.496372 2959.127371
0.499513 2952.383290
0.502655 2945.687243
0.505796 2939.027993
0.508938 2932.385789
0.512080 2925.749515
0.515221 2919.119988
0.518363 2912.495609
0.521504 2905.883219
0.524646 2899.281232
0.527788 2892.694381
0.530929 2886.127380
0.534071 2879.578672
0.537212 2873.055049
0.540354 2866.554982
0.543496 2860.083179
0.546637 2853.644309
0.549779 2847.236898
0.552920 2840.867648
0.556062 2834.535128
0.559203 2828.245994
0.562345 2821.998866
0.565487 2815.798379
0.568628 2809.649108
0.571770 2803.549763
0.574911 2797.506849
0.578053 2791.519145
0.581195 2785.591208
0.584336 2779.727522
0.587478 2773.926977
0.590619 2768.195889
0.593761 2762.533235
0.596903 2756.943476
0.600044 2751.430980
0.603186 2745.994862
0.606327 2740.641207
0.609469 2735.369230
0.612611 2730.183275
0.615752 2725.087575
0.618894 2720.081512
0.622035 2715.170894
0.625177 2710.355221
0.628319 2705.638697
0.631460 2701.025399
0.634602 2696.515016
0.637743 2692.112879
0.640885 2687.816517
0.644026 2683.627512
0.647168 2679.542009
0.650310 2675.560173
0.653451 2671.682037
0.656593 2667.903946
0.659734 2664.227119
0.662876 2660.648028
0.666018 2657.166675
0.669159 2653.782935
0.672301 2650.493468
0.675442 2647.299183
0.678584 2644.196859
0.681726 2641.186343
0.684867 2638.267364
0.688009 2635.436876
0.691150 2632.695497
0.694292 2630.040294
0.697434 2627.470970
0.700575 2624.987114
0.703717 2622.585961
0.706858 2620.267851
0.710000 2618.030125
0.713142 2615.872347
0.716283 2613.793979
0.719425 2611.792514
0.722566 2609.868039
0.725708 2608.018143
0.728849 2606.242819
0.731991 2604.539750
0.735133 2602.908327
0.738274 2601.347850
0.741416 2599.856140
0.744557 2598.432960
0.747699 2597.076218
0.750841 2595.785193
0.753982 2594.559078
0.757124 2593.395907
0.760265 2592.295235
0.763407 2591.255156
0.766549 2590.273852
0.769690 2589.348044
0.772832 2588.473470
0.775973 2587.647017
0.779115 2586.864487
0.782257 2586.122477
0.785398 2585.417534
0.788540 2584.745536
0.791681 2584.103241
0.794823 2583.486568
0.797965 2582.892054
0.801106 2582.316205
0.804248 2581.754985
0.807389 2581.205078
0.810531 2580.662464
0.813672 2580.123817
0.816814 2579.585123
0.819956 2579.042881
0.823097 2578.493593
0.826239 2577.933239
0.829380 2577.358505
0.832522 2576.765352
0.835664 2576.150289
0.838805 2575.509851
0.841947 2574.839958
0.845088 2574.137366
0.848230 2573.397957
0.851372 2572.618274
0.854513 2571.794916
0.857655 2570.923685
0.860796 2570.001467
0.863938 2569.024001
0.867080 2567.987901
0.870221 2566.889853
0.873363 2565.725486
0.876504 2564.491871
0.879646 2563.184551
0.882788 2561.800234
0.885929 2560.335726
0.889071 2558.786426
0.892212 2557.152184
0.895354 2555.438559
0.898495 2553.654712
0.901637 2551.807576
0.904779 2549.905784
0.907920 2547.958034
0.911062 2545.971157
0.914203 2543.954487
0.917345 2541.914811
0.920487 2539.860838
0.923628 2537.801300
0.926770 2535.742954
0.929911 2533.695181
0.933053 2531.664746
0.936195 2529.660377
0.939336 2527.690769
0.942478 2525.762739
0.945619 2523.885580
0.948761 2522.066171
0.951903 2520.313189
0.955044 2518.635231
0.958186 2517.039298
0.961327 2515.534474
0.964469 2514.127873
0.967611 2512.828062
0.970752 2511.643472
0.973894 2510.581420
0.977035 2509.650650
0.980177 2508.858640
0.983319 2508.213783
0.986460 2507.724280
0.989602 2507.397892
0.992743 2507.242895
0.995885 2507.267261
0.999026 2507.479042
1.002168 2507.886444
1.005310 2508.497504
1.008451 2509.319998
1.011593 2510.362522
1.014734 2511.632480
1.017876 2513.136326
1.021018 2514.862415
1.024159 2516.791619
1.027301 2518.906657
1.030442 2521.187685
1.033584 2523.617648
1.036726 2526.177333
1.039867 2528.847361
1.043009 2531.610927
1.046150 2534.447771
1.049292 2537.341192
1.052434 2540.271787
1.055575 2543.220103
1.058717 2546.169511
1.061858 2549.099633
1.065000 2551.993828
1.068142 2554.832648
1.071283 2557.596714
1.074425 2560.269279
1.077566 2562.830142
1.080708 2565.262426
1.083849 2567.546084
1.086991 2569.664064
1.090133 2571.597101
1.093274 2573.326166
1.096416 2574.833855
1.099557 2576.100707
1.102699 2577.109022
1.105841 2577.839846
1.108982 2578.274577
1.112124 2578.394984
1.115265 2578.182492
1.118407 2577.618459
1.121549 2576.684385
1.124690 2575.362243
1.127832 2573.632684
1.130973 2571.478311
1.134115 2568.879243
1.137257 2565.817586
1.140398 2562.276034
1.143540 2558.235681
1.146681 2553.717231
1.149823 2548.766837
1.152965 2543.435986
1.156106 2537.776645
1.159248 2531.835319
1.162389 2525.665875
1.165531 2519.314490
1.168672 2512.835293
1.171814 2506.274265
1.174956 2499.683571
1.178097 2493.115413
1.181239 2486.615716
1.184380 2480.238702
1.187522 2474.030418
1.190664 2468.043036
1.193805 2462.328446
1.196947 2456.933117
1.200088 2451.910568
1.203230 2447.307707
1.206372 2443.176316
1.209513 2439.567575
1.212655 2436.529293
1.215796 2434.113489
1.218938 2432.368732
1.222080 2431.346012
1.225221 2431.095401
1.228363 2431.666845
1.231504 2433.110068
1.234646 2435.476093
1.237788 2438.814723
1.240929 2443.174523
1.244071 2448.608374
1.247212 2455.162903
1.250354 2462.892391
1.253495 2471.842002
1.256637 2482.067542
1.259779 2493.616479
1.262920 2506.534597
1.266062 2520.880226
1.269203 2536.693019
1.272345 2553.904533
1.275487 2572.199010
1.278628 2591.234597
1.281770 2610.687791
1.284911 2630.210733
1.288053 2649.480231
1.291195 2668.154352
1.294336 2685.891925
1.297478 2702.368620
1.300619 2717.238472
1.303761 2730.175326
1.306903 2740.838465
1.310044 2748.890066
1.313186 2753.999635
1.316327 2755.828439
1.319469 2754.042023
1.322611 2748.303552
1.325752 2738.281225
1.328894 2723.633040
1.332035 2704.032840
1.335177 2679.132525
1.338318 2648.612465
1.341460 2612.117605
1.344602 2569.321038
1.347743 2519.903878
1.350885 2463.499037
1.354026 2399.806940
1.357168 2328.451410
1.360310 2249.115834
1.363451 2161.493756
1.366593 2065.193762
1.369734 1959.941671
1.372876 1845.334844
1.376018 1721.069631
1.379159 1586.854678
1.382301 1442.268904
1.385442 1287.068862
1.388584 1120.820111
1.391726 943.234634
1.394867 754.038850
