0.003142 51441.821400
0.006283 49124.300704
0.009425 46897.630190
0.012566 44761.161725
0.015708 42711.468564
0.018850 40747.178118
0.021991 38866.809079
0.025133 37067.097773
0.028274 35347.124290
0.031416 33703.727087
0.034558 32135.399327
0.037699 30640.538616
0.040841 29216.126746
0.043982 27861.004916
0.047124 26572.243898
0.050265 25348.598544
0.053407 24187.223341
0.056549 23086.451135
0.059690 22044.537629
0.062832 21058.753025
0.065973 20127.659320
0.069115 19248.597280
0.072257 18419.804968
0.075398 17639.456455
0.078540 16904.988494
0.081681 16214.803107
0.084823 15566.394459
0.087965 14957.922269
0.091106 14387.495420
0.094248 13852.684330
0.097389 13351.763933
0.100531 12882.348906
0.103673 12442.537066
0.106814 12030.388552
0.109956 11643.574561
0.113097 11280.275824
0.116239 10938.194645
0.119381 10615.383385
0.122522 10309.869875
0.125664 10019.393213
0.128805 9742.072806
0.131947 9475.782552
0.135088 9219.841120
0.138230 8973.836362
0.141372 8737.608314
0.144513 8510.984566
0.147655 8293.577814
0.150796 8085.283546
0.153938 7885.726129
0.157080 7694.730236
0.160221 7512.109642
0.163363 7337.505062
0.166504 7170.784737
0.169646 7011.599508
0.172788 6859.760618
0.175929 6715.069959
0.179071 6577.192397
0.182212 6445.972798
0.185354 6321.084603
0.188496 6202.327563
0.191637 6089.493620
0.194779 5982.267924
0.197920 5880.475830
0.201062 5783.809518
0.204204 5692.059174
0.207345 5605.008727
0.210487 5522.359745
0.213628 5443.921937
0.216770 5369.402354
0.219911 5298.605531
0.223053 5231.243385
0.226195 5167.095963
0.229336 5105.939222
0.232478 5047.491216
0.235619 4991.546249
0.238761 4937.825696
0.241903 4886.104682
0.245044 4836.155788
0.248186 4787.704205
0.251327 4740.537876
0.254469 4694.383762
0.257611 4649.017801
0.260752 4604.324134
0.263894 4560.267380
0.267035 4516.875228
0.270177 4474.119691
0.273319 4432.014331
0.276460 4390.571883
0.279602 4349.765602
0.282743 4309.621107
0.285885 4270.112480
0.289027 4231.252250
0.292168 4193.052117
0.295310 4155.487403
0.298451 4118.581662
0.301593 4082.311040
0.304734 4046.698267
0.307876 4011.720311
0.311018 3977.388257
0.314159 3943.712367
0.317301 3910.670842
0.320442 3878.284359
0.323584 3846.531938
0.326726 3815.423638
0.329867 3784.968695
0.333009 3755.147362
0.336150 3725.978265
0.339292 3697.442473
0.342434 3669.549021
0.345575 3642.306122
0.348717 3615.696073
0.351858 3589.735458
0.355000 3564.407389
0.358142 3539.719878
0.361283 3515.680119
0.364425 3492.272450
0.367566 3469.511413
0.370708 3447.382161
0.373850 3425.891684
0.376991 3405.046162
0.380133 3384.831965
0.383274 3365.261589
0.386416 3346.317985
0.389557 3327.998736
0.392699 3310.276271
0.395841 3293.140613
0.398982 3276.581037
0.402124 3260.571093
0.405265 3245.105077
0.408407 3230.157236
0.411549 3215.716670
0.414690 3201.771836
0.417832 3188.297948
0.420973 3175.287688
0.424115 3162.716867
0.427257 3150.573790
0.430398 3138.846221
0.433540 3127.510786
0.436681 3116.558805
0.439823 3105.967400
0.442965 3095.724209
0.446106 3085.816427
0.449248 3076.221841
0.452389 3066.930662
0.455531 3057.921069
0.458673 3049.180160
0.461814 3040.694689
0.464956 3032.443348
0.468097 3024.415494
0.471239 3016.590111
0.474380 3008.956281
0.477522 3001.493242
0.480664 2994.187543
0.483805 2987.025537
0.486947 2979.986759
0.490088 2973.059791
0.493230 2966.224321
0.496372 2959.466660
0.499513 2952.773025
0.502655 2946.123248
0.505796 2939.505666
0.508938 2932.900161
0.512080 2926.295281
0.515221 2919.691912
0.518363 2913.088678
0.521504 2906.492611
0.524646 2899.902343
0.527788 2893.322806
0.530929 2886.758919
0.534071 2880.209334
0.537212 2873.681049
0.540354 2867.172738
0.543496 2860.689314
0.546637 2854.235660
0.549779 2847.810496
0.552920 2841.420743
0.556062 2835.065162
0.559203 2828.750628
0.562345 2822.475953
0.565487 2816.245984
0.568628 2810.065513
0.571770 2803.933435
0.574911 2797.856484
0.578053 2791.833620
0.581195 2785.869619
0.584336 2779.969181
0.587478 2774.131379
0.590619 2768.362760
0.593761 2762.662481
0.596903 2757.035221
0.600044 2751.485566
0.603186 2746.012813
0.606327 2740.623277
0.609469 2735.316355
0.612611 2730.096609
0.615752 2724.968488
0.618894 2719.931558
0.622035 2714.991855
0.625177 2710.149064
0.628319 2705.407605
0.631460 2700.771768
0.634602 2696.241433
0.637743 2691.822137
0.640885 2687.511414
0.644026 2683.310746
0.647168 2679.216163
0.650310 2675.227725
0.653451 2671.345355
0.656593 2667.565285
0.659734 2663.888626
0.662876 2660.311742
0.666018 2656.834524
0.669159 2653.456736
0.672301 2650.174932
0.675442 2646.989906
0.678584 2643.898334
0.681726 2640.899950
0.684867 2637.994368
0.688009 2635.178443
0.691150 2632.452672
0.694292 2629.814025
0.697434 2627.262087
0.700575 2624.796334
0.703717 2622.413902
0.706858 2620.115010
0.710000 2617.896900
0.713142 2615.759022
0.716283 2613.700722
0.719425 2611.719394
0.722566 2609.815005
0.725708 2607.985046
0.728849 2606.229388
0.731991 2604.545617
0.735133 2602.933007
0.738274 2601.390744
0.741416 2599.916549
0.744557 2598.510066
0.747699 2597.169104
0.750841 2595.892826
0.753982 2594.680311
0.757124 2593.529493
0.760265 2592.439809
0.763407 2591.409251
0.766549 2590.435956
0.769690 2589.516694
0.772832 2588.647268
0.775973 2587.824618
0.779115 2587.044608
0.782257 2586.303894
0.785398 2585.599081
0.788540 2584.926106
0.791681 2584.281788
0.794823 2583.662102
0.797965 2583.063644
0.801106 2582.482983
0.804248 2581.916137
0.807389 2581.359853
0.810531 2580.810167
0.813672 2580.263815
0.816814 2579.716837
0.819956 2579.165794
0.823097 2578.607250
0.826239 2578.037238
0.829380 2577.452509
0.832522 2576.849077
0.835664 2576.223513
0.838805 2575.572413
0.841947 2574.891751
0.845088 2574.178349
0.848230 2573.428139
0.851372 2572.637729
0.854513 2571.803778
0.857655 2570.922141
0.860796 2569.989770
0.863938 2569.002457
0.867080 2567.956877
0.870221 2566.849778
0.873363 2565.676843
0.876504 2564.435208
0.879646 2563.120467
0.882788 2561.729393
0.885929 2560.258851
0.889071 2558.704294
0.892212 2557.065617
0.895354 2555.348355
0.898495 2553.561637
0.901637 2551.712365
0.904779 2549.809137
0.907920 2547.860622
0.911062 2545.873618
0.914203 2543.857426
0.917345 2541.818800
0.920487 2539.766420
0.923628 2537.708982
0.926770 2535.653213
0.929911 2533.608460
0.933053 2531.581458
0.936195 2529.580903
0.939336 2527.615454
0.942478 2525.691899
0.945619 2523.819498
0.948761 2522.005097
0.951903 2520.257344
0.955044 2518.584798
0.958186 2516.994433
0.961327 2515.495298
0.964469 2514.094477
0.967611 2512.800502
0.970752 2511.621773
0.973894 2510.565576
0.977035 2509.640620
0.980177 2508.854355
0.983319 2508.215138
0.986460 2507.731138
0.989602 2507.410086
0.992743 2507.260223
0.995885 2507.289492
0.999026 2507.505909
1.002168 2507.917652
1.005310 2508.532724
1.008451 2509.358866
1.011593 2510.404646
1.014734 2511.677433
1.017876 2513.183654
1.021018 2514.911670
1.024159 2516.842370
1.027301 2518.958493
1.030442 2521.240212
1.033584 2523.670491
1.036726 2526.230136
1.039867 2528.899787
1.043009 2531.662656
1.046150 2534.498504
1.049292 2537.390647
1.052434 2540.319700
1.055575 2543.266230
1.058717 2546.213625
1.061858 2549.141528
1.065000 2552.033314
1.068142 2554.869554
1.071283 2557.630890
1.074425 2560.300590
1.077566 2562.858475
1.080708 2565.287684
1.083849 2567.568191
1.086991 2569.682958
1.090133 2571.612743
1.093274 2573.338536
1.096416 2574.842948
1.099557 2576.106540
1.102699 2577.111628
1.105841 2577.839277
1.108982 2578.270905
1.112124 2578.388298
1.115265 2578.172901
1.118407 2577.606089
1.121549 2576.669381
1.124690 2575.344771
1.127832 2573.612926
1.130973 2571.456467
1.134115 2568.855534
1.137257 2565.792250
1.140398 2562.249327
1.143540 2558.207879
1.146681 2553.688609
1.149823 2548.737660
1.152965 2543.406504
1.156106 2537.747098
1.159248 2531.805931
1.162389 2525.636858
1.165531 2519.286044
1.168672 2512.807605
1.171814 2506.247509
1.174956 2499.657908
1.178097 2493.090990
1.181239 2486.592669
1.184380 2480.217153
1.187522 2474.010477
1.190664 2468.024798
1.193805 2462.311995
1.196947 2456.918524
1.200088 2451.897890
1.203230 2447.296990
1.206372 2443.167592
1.209513 2439.560862
1.212655 2436.524598
1.215796 2434.110805
1.218938 2432.368039
1.222080 2431.347279
1.225221 2431.098581
1.228363 2431.671881
1.231504 2433.116888
1.234646 2435.484614
1.237788 2438.824848
1.240929 2443.186141
1.244071 2448.621363
1.247212 2455.177127
1.250354 2462.907702
1.253495 2471.858239
1.256637 2482.084531
1.259779 2493.634033
1.262920 2506.552514
1.266062 2520.898295
1.269203 2536.711014
1.272345 2553.922226
1.275487 2572.216188
1.278628 2591.251066
1.281770 2610.703376
1.284911 2630.225274
1.288053 2649.493589
1.291195 2668.166405
1.294336 2685.902569
1.297478 2702.377769
1.300619 2717.246058
1.303761 2730.181299
1.306903 2740.842794
1.310044 2748.892737
1.313186 2754.000651
1.316327 2755.827824
1.319469 2754.039816
1.322611 2748.299812
1.325752 2738.276028
1.328894 2723.626480
1.332035 2704.025031
1.335177 2679.123597
1.338318 2648.602566
1.341460 2612.106902
1.344602 2569.309715
1.347743 2519.892138
1.350885 2463.487101
1.354026 2399.795046
1.357168 2328.439816
1.360310 2249.104814
1.363451 2161.483602
1.366593 2065.184786
1.369734 1959.934202
1.372876 1845.329228
1.376018 1721.066235
1.379159 1586.853883
1.382301 1442.271111
1.385442 1287.074491
1.388584 1120.829599
1.391726 943.248437
1.394867 754.057439
