0.004712 49106.454674
0.007854 47264.758873
0.010996 45479.309998
0.014137 43749.685250
0.017279 42073.818794
0.020420 40451.813281
0.023562 38881.671403
0.026704 37362.953231
0.029845 35895.153372
0.032987 34476.372710
0.036128 33106.550247
0.039270 31783.849253
0.042412 30507.748743
0.045553 29277.668409
0.048695 28091.860499
0.051836 26950.115722
0.054978 25850.742572
0.058119 24793.476739
0.061261 23776.680509
0.064403 22799.732312
0.067544 21861.959855
0.070686 20961.801509
0.073827 20098.866156
0.076969 19271.639821
0.080111 18479.438297
0.083252 17721.532794
0.086394 16996.476212
0.089535 16303.765974
0.092677 15641.996494
0.095819 15010.428603
0.098960 14408.284689
0.102102 13834.216831
0.105243 13287.626342
0.108385 12767.200677
0.111527 12272.153379
0.114668 11801.665688
0.117810 11354.473514
0.120951 10929.897410
0.124093 10526.712300
0.127235 10144.285202
0.130376 9782.119363
0.133518 9439.381083
0.136659 9115.685688
0.139801 8810.223973
0.142942 8522.587535
0.146084 8251.990130
0.149226 7997.922868
0.152367 7759.855816
0.155509 7537.034291
0.158650 7328.997289
0.161792 7135.009249
0.164934 6954.535458
0.168075 6787.024001
0.171217 6631.765121
0.174358 6488.254807
0.177500 6355.798585
0.180642 6233.840718
0.183783 6121.812108
0.186925 6019.038326
0.190066 5924.981952
0.193208 5838.980001
0.196350 5760.460513
0.199491 5688.842002
0.202633 5623.475772
0.205774 5563.800590
0.208916 5509.175363
0.212058 5459.016706
0.215199 5412.735547
0.218341 5369.699322
0.221482 5329.332584
0.224624 5291.006536
0.227765 5254.142733
0.230907 5218.114608
0.234049 5182.330841
0.237190 5146.199799
0.240332 5109.095470
0.243473 5070.588647
0.246615 5030.659450
0.249757 4989.411548
0.252898 4946.950290
0.256040 4903.340259
0.259181 4858.700795
0.262323 4813.095095
0.265465 4766.628853
0.268606 4719.408859
0.271748 4671.496667
0.274889 4623.014356
0.278031 4574.022675
0.281173 4524.628614
0.284314 4474.939679
0.287456 4425.015848
0.290597 4374.980483
0.293739 4324.893343
0.296881 4274.861987
0.300022 4224.993903
0.303164 4175.348956
0.306305 4126.050330
0.309447 4077.158254
0.312588 4028.795431
0.315730 3981.022685
0.318872 3933.947145
0.322013 3887.675052
0.325155 3842.268562
0.328296 3797.848160
0.331438 3754.477180
0.334580 3712.261569
0.337721 3671.305803
0.340863 3631.675421
0.344004 3593.487233
0.347146 3556.808542
0.350288 3521.743383
0.353429 3488.393736
0.356571 3456.829986
0.359712 3427.156976
0.362854 3399.351763
0.365996 3373.357908
0.369137 3349.115397
0.372279 3326.541346
0.375420 3305.582708
0.378562 3286.158691
0.381704 3268.208757
0.384845 3251.670491
0.387987 3236.465917
0.391128 3222.537294
0.394270 3209.808309
0.397411 3198.219647
0.400553 3187.696482
0.403695 3178.175218
0.406836 3169.590982
0.409978 3161.870863
0.413119 3154.952358
0.416261 3148.763615
0.419403 3143.239496
0.422544 3138.314019
0.425686 3133.916601
0.428827 3129.982624
0.431969 3126.442137
0.435111 3123.228999
0.438252 3120.276651
0.441394 3117.515768
0.444535 3114.880691
0.447677 3112.302295
0.450819 3109.713971
0.453960 3107.049125
0.457102 3104.238612
0.460243 3101.216806
0.463385 3097.914335
0.466527 3094.264661
0.469668 3090.201687
0.472810 3085.655380
0.475951 3080.561313
0.479093 3074.875272
0.482234 3068.621838
0.485376 3061.826875
0.488518 3054.522143
0.491659 3046.740050
0.494801 3038.505487
0.497942 3029.853533
0.501084 3020.808528
0.504226 3011.403016
0.507367 3001.670003
0.510509 2991.633140
0.513650 2981.328652
0.516792 2970.779825
0.519934 2960.019756
0.523075 2949.081808
0.526217 2937.988867
0.529358 2926.777828
0.532500 2915.471402
0.535642 2904.102997
0.538783 2892.706099
0.541925 2881.303301
0.545066 2869.931696
0.548208 2858.613893
0.551350 2847.383374
0.554491 2836.273510
0.557633 2825.307078
0.560774 2814.520891
0.563916 2803.937932
0.567057 2793.594773
0.570199 2783.514677
0.573341 2773.730831
0.576482 2764.276047
0.579624 2755.174155
0.582765 2746.460783
0.585907 2738.160232
0.589049 2730.305195
0.592190 2722.927799
0.595332 2716.050051
0.598473 2709.673502
0.601615 2703.775079
0.604757 2698.337710
0.607898 2693.343733
0.611040 2688.770793
0.614181 2684.602631
0.617323 2680.817416
0.620465 2677.397356
0.623606 2674.324195
0.626748 2671.576798
0.629889 2669.137747
0.633031 2666.986310
0.636173 2665.104130
0.639314 2663.472507
0.642456 2662.071226
0.645597 2660.882008
0.648739 2659.884920
0.651880 2659.061428
0.655022 2658.391831
0.658164 2657.857234
0.661305 2657.438574
0.664447 2657.116406
0.667588 2656.871766
0.670730 2656.685323
0.673872 2656.537983
0.677013 2656.410603
0.680155 2656.283925
0.683296 2656.138862
0.686438 2655.956143
0.689580 2655.716629
0.692721 2655.401253
0.695863 2654.990637
0.699004 2654.465873
0.702146 2653.807450
0.705288 2652.996334
0.708429 2652.013685
0.711571 2650.839800
0.714712 2649.466061
0.717854 2647.899944
0.720996 2646.152094
0.724137 2644.233387
0.727279 2642.152838
0.730420 2639.922004
0.733562 2637.549700
0.736703 2635.047669
0.739845 2632.424553
0.742987 2629.691370
0.746128 2626.859273
0.749270 2623.936697
0.752411 2620.935734
0.755553 2617.864710
0.758695 2614.734806
0.761836 2611.557282
0.764978 2608.340349
0.768119 2605.096288
0.771261 2601.833269
0.774403 2598.562562
0.777544 2595.295442
0.780686 2592.040068
0.783827 2588.808742
0.786969 2585.609645
0.790111 2582.454048
0.793252 2579.353168
0.796394 2576.315267
0.799535 2573.352511
0.802677 2570.473250
0.805819 2567.688678
0.808960 2565.009871
0.812102 2562.445359
0.815243 2560.007006
0.818385 2557.703496
0.821526 2555.546528
0.824668 2553.544965
0.827810 2551.709757
0.830951 2550.050053
0.834093 2548.562375
0.837234 2547.240530
0.840376 2546.076521
0.843518 2545.063633
0.846659 2544.194963
0.849801 2543.462800
0.852942 2542.860454
0.856084 2542.380385
0.859226 2542.015646
0.862367 2541.759142
0.865509 2541.603553
0.868650 2541.541822
0.871792 2541.566753
0.874934 2541.671221
0.878075 2541.847999
0.881217 2542.090042
0.884358 2542.390042
0.887500 2542.741032
0.890642 2543.135766
0.893783 2543.566941
0.896925 2544.027676
0.900066 2544.510522
0.903208 2545.008630
0.906349 2545.514526
0.909491 2546.021377
0.912633 2546.521863
0.915774 2547.008671
0.918916 2547.474954
0.922057 2547.913262
0.925199 2548.316715
0.928341 2548.678009
0.931482 2548.989896
0.934624 2549.245414
0.937765 2549.437248
0.940907 2549.558362
0.944049 2549.601525
0.947190 2549.559697
0.950332 2549.430269
0.953473 2549.217151
0.956615 2548.924531
0.959757 2548.556787
0.962898 2548.118394
0.966040 2547.613395
0.969181 2547.046433
0.972323 2546.421469
0.975465 2545.742998
0.978606 2545.015582
0.981748 2544.243082
0.984889 2543.430310
0.988031 2542.581071
0.991172 2541.700227
0.994314 2540.791540
0.997456 2539.859608
1.000597 2538.909062
1.003739 2537.943618
1.006880 2536.968213
1.010022 2535.986547
1.013164 2535.003254
1.016305 2534.022969
1.019447 2533.049390
1.022588 2532.087458
1.025730 2531.140884
1.028872 2530.214299
1.032013 2529.312310
1.035155 2528.438666
1.038296 2527.598243
1.041438 2526.794830
1.044580 2526.033023
1.047721 2525.317365
1.050863 2524.651726
1.054004 2524.040847
1.057146 2523.488665
1.060288 2522.999705
1.063429 2522.578415
1.066571 2522.227905
1.069712 2521.946809
1.072854 2521.731729
1.075995 2521.579584
1.079137 2521.487060
1.082279 2521.450993
1.085420 2521.468150
1.088562 2521.535323
1.091703 2521.649252
1.094845 2521.806789
1.097987 2522.004685
1.101128 2522.239641
1.104270 2522.508587
1.107411 2522.808133
1.110553 2523.135252
1.113695 2523.486631
1.116836 2523.858931
1.119978 2524.249169
1.123119 2524.653878
1.126261 2525.070097
1.129403 2525.494479
1.132544 2525.923668
1.135686 2526.354717
1.138827 2526.784134
1.141969 2527.208973
1.145111 2527.625878
1.148252 2528.031501
1.151394 2528.422880
1.154535 2528.796550
1.157677 2529.149529
1.160818 2529.478375
1.163960 2529.780077
1.167102 2530.051307
1.170243 2530.288776
1.173385 2530.489414
1.176526 2530.649877
1.179668 2530.767047
1.182810 2530.837760
1.185951 2530.862163
1.189093 2530.844084
1.192234 2530.787540
1.195376 2530.696504
1.198518 2530.574996
1.201659 2530.427075
1.204801 2530.256657
1.207942 2530.067854
1.211084 2529.864556
1.214226 2529.650827
1.217367 2529.430748
1.220509 2529.208186
1.223650 2528.987290
1.226792 2528.771925
1.229934 2528.566173
1.233075 2528.374100
1.236217 2528.199592
1.239358 2528.046766
1.242500 2527.919533
1.245641 2527.821979
1.248783 2527.758051
1.251925 2527.731793
1.255066 2527.747202
1.258208 2527.808296
1.261349 2527.919043
1.264491 2528.083519
1.267633 2528.305708
1.270774 2528.589518
1.273916 2528.939136
1.277057 2529.358347
1.280199 2529.851425
1.283341 2530.422258
1.286482 2531.074632
1.289624 2531.812971
1.292765 2532.640811
1.295907 2533.562688
1.299049 2534.582360
