0.003142 51167.079846
0.006283 48910.033364
0.009425 46739.409604
0.012566 44654.661599
0.015708 42652.532436
0.018850 40731.769316
0.021991 38891.015862
0.025133 37127.170521
0.028274 35439.427397
0.031416 33824.782367
0.034558 32281.854700
0.037699 30809.172372
0.040841 29403.868197
0.043982 28064.908054
0.047124 26789.509902
0.050265 25576.556929
0.053407 24423.347331
0.056549 23328.347069
0.059690 22289.948004
0.062832 21305.559477
0.065973 20373.879436
0.069115 19492.385176
0.072257 18659.451571
0.075398 17873.391684
0.078540 17131.775528
0.081681 16433.146519
0.084823 15775.130342
0.087965 15156.026142
0.091106 14574.083531
0.094248 14027.002492
0.097389 13513.202613
0.100531 13030.427266
0.103673 12576.915217
0.106814 12150.867981
0.109956 11750.084806
0.113097 11372.892154
0.116239 11017.120384
0.119381 10680.963232
0.122522 10362.589470
0.125664 10059.866905
0.128805 9771.059581
0.131947 9494.160279
0.135088 9228.520025
0.138230 8973.690974
0.141372 8729.486298
0.144513 8495.705648
0.147655 8271.927075
0.150796 8058.020049
0.153938 7853.575280
0.157080 7658.389252
0.160221 7472.246664
0.163363 7294.755904
0.166504 7125.756977
0.169646 6964.869186
0.172788 6811.874502
0.175929 6666.544847
0.179071 6528.514596
0.182212 6397.598637
0.185354 6273.440521
0.188496 6155.809877
0.191637 6044.468025
0.194779 5939.070980
0.197920 5839.412858
0.201062 5745.157113
0.204204 5656.063206
0.207345 5571.884026
0.210487 5492.292883
0.213628 5417.067467
0.216770 5345.886791
0.219911 5278.523188
0.223053 5214.660678
0.226195 5154.048134
0.229336 5096.430295
0.232478 5041.497382
0.235619 4989.011391
0.238761 4938.665811
0.241903 4890.204562
0.245044 4843.369168
0.248186 4797.856717
0.251327 4753.423205
0.254469 4709.767252
0.257611 4666.634425
0.260752 4623.896977
0.263894 4581.529902
0.267035 4539.570028
0.270177 4498.000500
0.273319 4456.844606
0.276460 4416.125108
0.279602 4375.825942
0.282743 4335.982619
0.285885 4296.579632
0.289027 4257.639603
0.292168 4219.184566
0.295310 4181.199896
0.298451 4143.719633
0.301593 4106.729775
0.304734 4070.263726
0.307876 4034.308130
0.311018 3998.884546
0.314159 3964.013853
0.317301 3929.683711
0.320442 3895.925832
0.323584 3862.728585
0.326726 3830.112673
0.329867 3798.098058
0.333009 3766.674221
0.336150 3735.871022
0.339292 3705.678711
0.342434 3676.117059
0.345575 3647.205033
0.348717 3618.934088
0.351858 3591.332078
0.355000 3564.391291
0.358142 3538.130487
0.361283 3512.567559
0.364425 3487.696094
0.367566 3463.541782
0.370708 3440.099107
0.373850 3417.385739
0.376991 3395.418418
0.380133 3374.193020
0.383274 3353.732886
0.386416 3334.026513
0.389557 3315.068475
0.392699 3296.825919
0.395841 3279.284215
0.398982 3262.427840
0.402124 3246.225281
0.405265 3230.666082
0.408407 3215.719557
0.411549 3201.369977
0.414690 3187.600852
0.417832 3174.382635
0.420973 3161.702970
0.424115 3149.533005
0.427257 3137.856078
0.430398 3126.654896
0.433540 3115.901550
0.436681 3105.582113
0.439823 3095.669238
0.442965 3086.145492
0.446106 3076.992948
0.449248 3068.185001
0.452389 3059.706487
0.455531 3051.531229
0.458673 3043.641192
0.461814 3036.017981
0.464956 3028.635962
0.468097 3021.479064
0.471239 3014.521952
0.474380 3007.748285
0.477522 3001.132970
0.480664 2994.657407
0.483805 2988.302820
0.486947 2982.044383
0.490088 2975.865310
0.493230 2969.740888
0.496372 2963.652312
0.499513 2957.580729
0.502655 2951.501495
0.505796 2945.397711
0.508938 2939.244711
0.512080 2933.026923
0.515221 2926.746078
0.518363 2920.403541
0.521504 2914.008718
0.524646 2907.562907
0.527788 2901.073505
0.530929 2894.547968
0.534071 2887.987508
0.537212 2881.401670
0.540354 2874.791630
0.543496 2868.164851
0.546637 2861.528817
0.549779 2854.884674
0.552920 2848.242018
0.556062 2841.601988
0.559203 2834.974178
0.562345 2828.359739
0.565487 2821.766151
0.568628 2815.200873
0.571770 2808.665093
0.574911 2802.168338
0.578053 2795.711842
0.581195 2789.303050
0.584336 2782.949346
0.587478 2776.652055
0.590619 2770.420552
0.593761 2764.256239
0.596903 2758.166481
0.600044 2752.158549
0.603186 2746.233987
0.606327 2740.401932
0.609469 2734.664041
0.612611 2729.027557
0.615752 2723.499593
0.618894 2718.081998
0.622035 2712.783589
0.625177 2707.606360
0.628319 2702.557389
0.631460 2697.643589
0.634602 2692.867202
0.637743 2688.236290
0.640885 2683.748452
0.644026 2679.403963
0.647168 2675.197410
0.650310 2671.127547
0.653451 2667.192959
0.656593 2663.388493
0.659734 2659.713923
0.662876 2656.164262
0.666018 2652.738051
0.669159 2649.433675
0.672301 2646.246381
0.675442 2643.175552
0.678584 2640.216585
0.681726 2637.367827
0.684867 2634.627485
0.688009 2631.991166
0.691150 2629.457902
0.694292 2627.023431
0.697434 2624.685928
0.700575 2622.443442
0.703717 2620.291900
0.706858 2618.230022
0.710000 2616.253849
0.713142 2614.361402
0.716283 2612.550596
0.719425 2610.817631
0.722566 2609.160963
0.725708 2607.576889
0.728849 2606.063771
0.731991 2604.617997
0.735133 2603.237412
0.738274 2601.919776
0.741416 2600.661603
0.744557 2599.461048
0.747699 2598.314696
0.750841 2597.220292
0.753982 2596.175512
0.757124 2595.177041
0.760265 2594.222871
0.763407 2593.309742
0.766549 2592.435222
0.769690 2591.596696
0.772832 2590.790746
0.775973 2590.014999
0.779115 2589.266076
0.782257 2588.541343
0.785398 2587.838133
0.788540 2587.153113
0.791681 2586.483834
0.794823 2585.826986
0.797965 2585.179896
0.801106 2584.539882
0.804248 2583.903651
0.807389 2583.268722
0.810531 2582.631806
0.813672 2581.990424
0.816814 2581.341282
0.819956 2580.681697
0.823097 2580.008999
0.826239 2579.319874
0.829380 2578.611876
0.832522 2577.881669
0.835664 2577.126588
0.838805 2576.344002
0.841947 2575.530525
0.845088 2574.683792
0.848230 2573.800378
0.851372 2572.877660
0.854513 2571.913067
0.857655 2570.903097
0.860796 2569.845510
0.863938 2568.736747
0.867080 2567.574250
0.870221 2566.355530
0.873363 2565.076926
0.876504 2563.736366
0.879646 2562.330112
0.882788 2560.855694
0.885929 2559.310729
0.889071 2557.691348
0.892212 2555.997972
0.895354 2554.235846
0.898495 2552.413728
0.901637 2550.538100
0.904779 2548.617177
0.907920 2546.659230
0.911062 2544.670655
0.914203 2542.660355
0.917345 2540.634692
0.920487 2538.601946
0.923628 2536.570407
0.926770 2534.546422
0.929911 2532.538918
0.933053 2530.554258
0.936195 2528.600728
0.939336 2526.686573
0.942478 2524.818217
0.945619 2523.004486
0.948761 2521.251868
0.951903 2519.568592
0.955044 2517.962799
0.958186 2516.441110
0.961327 2515.012131
0.964469 2513.682592
0.967611 2512.460609
0.970752 2511.354157
0.973894 2510.370173
0.977035 2509.516923
0.980177 2508.801503
0.983319 2508.231851
0.986460 2507.815717
0.989602 2507.560477
0.992743 2507.473933
0.995885 2507.563670
0.999026 2507.837271
1.002168 2508.302549
1.005310 2508.967092
1.008451 2509.838232
1.011593 2510.924165
1.014734 2512.231838
1.017876 2513.767361
1.021018 2515.519141
1.024159 2517.468289
1.027301 2519.597787
1.030442 2521.888028
1.033584 2524.322210
1.036726 2526.881364
1.039867 2529.546363
1.043009 2532.300645
1.046150 2535.124204
1.049292 2538.000578
1.052434 2540.910615
1.055575 2543.835119
1.058717 2546.757692
1.061858 2549.658222
1.065000 2552.520296
1.068142 2555.324723
1.071283 2558.052384
1.074425 2560.686756
1.077566 2563.207910
1.080708 2565.599193
1.083849 2567.840829
1.086991 2569.915988
1.090133 2571.805667
1.093274 2573.491098
1.096416 2574.955096
1.099557 2576.178477
1.102699 2577.143760
1.105841 2577.832253
1.108982 2578.225615
1.112124 2578.305836
1.115265 2578.054614
1.118407 2577.453529
1.121549 2576.484344
1.124690 2575.129288
1.127832 2573.369241
1.130973 2571.187069
1.134115 2568.563124
1.137257 2565.479768
1.140398 2561.919949
1.143540 2557.864985
1.146681 2553.335611
1.149823 2548.377812
1.152965 2543.042904
1.156106 2537.382683
1.159248 2531.443481
1.162389 2525.278991
1.165531 2518.935224
1.168672 2512.466130
1.171814 2505.917526
1.174956 2499.341401
1.178097 2492.789781
1.181239 2486.308428
1.184380 2479.951382
1.187522 2473.764530
1.190664 2467.799865
1.193805 2462.109099
1.196947 2456.738544
1.200088 2451.741531
1.203230 2447.164814
1.206372 2443.059992
1.209513 2439.478067
1.212655 2436.466692
1.215796 2434.077697
1.218938 2432.359497
1.222080 2431.362902
1.225221 2431.137802
1.228363 2431.733990
1.231504 2433.201000
1.234646 2435.589701
1.237788 2438.949714
1.240929 2443.329426
1.244071 2448.781560
1.247212 2455.352559
1.250354 2463.096543
1.253495 2472.058495
1.256637 2482.294057
1.259779 2493.850520
1.262920 2506.773495
1.266062 2521.121144
1.269203 2536.932949
1.272345 2554.140430
1.275487 2572.428044
1.278628 2591.454182
1.281770 2610.895577
1.284911 2630.404615
1.288053 2649.658337
1.291195 2668.315056
1.294336 2686.033845
1.297478 2702.490605
1.300619 2717.339622
1.303761 2730.254971
1.306903 2740.896180
1.310044 2748.925674
1.313186 2754.013186
1.316327 2755.820237
1.319469 2754.012597
1.322611 2748.253682
1.325752 2738.211936
1.328894 2723.545584
1.332035 2703.928723
1.335177 2679.013482
1.338318 2648.480480
1.341460 2611.974896
1.344602 2569.170066
1.347743 2519.747348
1.350885 2463.339890
1.354026 2399.648359
1.357168 2328.296819
1.360310 2248.968897
1.363451 2161.358375
1.366593 2065.074086
1.369734 1959.842080
1.372876 1845.259970
1.376018 1721.024342
1.379159 1586.844070
1.382301 1442.298336
1.385442 1287.143909
1.388584 1120.946614
1.391726 943.418666
1.394867 754.286699
