0.003142 51288.542598
0.006283 49004.931928
0.009425 46809.687271
0.012566 44702.217283
0.015708 42679.190508
0.018850 40739.301585
0.021991 38881.139323
0.025133 37101.531010
0.028274 35399.620733
0.031416 33772.335270
0.034558 32218.238563
0.037699 30735.801381
0.040841 29322.090252
0.043982 27976.016356
0.047124 26694.733048
0.050265 25477.067212
0.053407 24320.253965
0.056549 23222.700862
0.059690 22182.740019
0.062832 21197.719706
0.065973 20266.278225
0.069115 19385.832943
0.072257 18554.698707
0.075398 17771.127588
0.078540 17032.631111
0.081681 16337.690656
0.084823 15683.874180
0.087965 15069.419651
0.091106 14492.514929
0.094248 13950.803129
0.097389 13442.640371
0.100531 12965.713543
0.103673 12518.199562
0.106814 12098.237907
0.109956 11703.571625
0.113097 11332.463236
0.116239 10982.686896
0.119381 10652.374304
0.122522 10339.632388
0.125664 10042.272466
0.128805 9758.495117
0.131947 9486.240947
0.135088 9224.846784
0.138230 8973.880434
0.141372 8733.166854
0.144513 8502.517952
0.147655 8281.526971
0.150796 8070.074796
0.153938 7867.766894
0.157080 7674.412116
0.160221 7489.807915
0.163363 7313.576855
0.166504 7145.571329
0.169646 6985.424467
0.172788 6832.931082
0.175929 6687.876244
0.179071 6549.907697
0.182212 6418.853479
0.185354 6294.370250
0.188496 6176.240851
0.191637 6064.240036
0.194779 5958.036594
0.197920 5857.438345
0.201062 5762.121342
0.204204 5671.858521
0.207345 5586.416388
0.210487 5505.480644
0.213628 5428.843025
0.216770 5356.194839
0.219911 5287.322546
0.223053 5221.922399
0.226195 5159.756946
0.229336 5100.584617
0.232478 5044.107841
0.235619 4990.102784
0.238761 4938.275167
0.241903 4888.382596
0.245044 4840.180217
0.248186 4793.377443
0.251327 4747.744284
0.254469 4702.991788
0.257611 4658.878845
0.260752 4615.282917
0.263894 4572.174441
0.267035 4529.586229
0.270177 4487.496536
0.273319 4445.924376
0.276460 4404.888107
0.279602 4364.366971
0.282743 4324.392133
0.285885 4284.943513
0.289027 4246.039299
0.292168 4207.696983
0.295310 4169.897526
0.298451 4132.670359
0.301593 4095.997152
0.304734 4059.906620
0.307876 4024.381156
0.311018 3989.437717
0.314159 3955.092517
0.317301 3921.329061
0.320442 3888.174213
0.323584 3855.612234
0.326726 3823.659151
0.329867 3792.330214
0.333009 3761.610849
0.336150 3731.525980
0.339292 3702.061825
0.342434 3673.233437
0.345575 3645.055060
0.348717 3617.514123
0.351858 3590.633531
0.355000 3564.401539
0.358142 3538.832185
0.361283 3513.938663
0.364425 3489.710494
0.367566 3466.168474
0.370708 3443.302984
0.373850 3421.127003
0.376991 3399.652632
0.380133 3378.871570
0.383274 3358.802394
0.386416 3339.431165
0.389557 3320.753778
0.392699 3302.739703
0.395841 3285.376356
0.398982 3268.650321
0.402124 3252.532312
0.405265 3237.013962
0.408407 3222.066752
0.411549 3207.677076
0.414690 3193.830617
0.417832 3180.499924
0.420973 3167.674853
0.424115 3155.328602
0.427257 3143.446692
0.430398 3132.014054
0.433540 3121.004771
0.436681 3110.407223
0.439823 3100.196027
0.442965 3090.355979
0.446106 3080.871404
0.449248 3071.717627
0.452389 3062.881846
0.455531 3054.339799
0.458673 3046.075708
0.461814 3038.073440
0.464956 3030.309264
0.468097 3022.769493
0.471239 3015.430691
0.474380 3008.278902
0.477522 3001.290934
0.480664 2994.450454
0.483805 2987.740937
0.486947 2981.139475
0.490088 2974.631642
0.493230 2968.194659
0.496372 2961.811970
0.499513 2955.466950
0.502655 2949.136923
0.505796 2942.807291
0.508938 2936.455387
0.512080 2930.067450
0.515221 2923.644840
0.518363 2917.187716
0.521504 2910.704442
0.524646 2904.195142
0.527788 2897.666132
0.530929 2891.123750
0.534071 2884.568084
0.537212 2878.007559
0.540354 2871.442252
0.543496 2864.878504
0.546637 2858.322656
0.549779 2851.774788
0.552920 2845.243318
0.556062 2838.728342
0.559203 2832.238259
0.562345 2825.773189
0.565487 2819.339457
0.568628 2812.943349
0.571770 2806.585045
0.574911 2800.272843
0.578053 2794.006979
0.581195 2787.793724
0.584336 2781.639283
0.587478 2775.543989
0.590619 2769.515976
0.593761 2763.555658
0.596903 2757.669219
0.600044 2751.862750
0.603186 2746.136807
0.606327 2740.499287
0.609469 2734.950854
0.612611 2729.497571
0.615752 2724.145381
0.618894 2718.895129
0.622035 2713.754408
0.625177 2708.724200
0.628319 2703.810413
0.631460 2699.018807
0.634602 2694.350585
0.637743 2689.812699
0.640885 2685.402721
0.644026 2681.121456
0.647168 2676.964124
0.650310 2672.930054
0.653451 2669.018420
0.656593 2665.224677
0.659734 2661.549187
0.662876 2657.987557
0.666018 2654.538921
0.669159 2651.202271
0.672301 2647.973428
0.675442 2644.852395
0.678584 2641.835132
0.681726 2638.920595
0.684867 2636.107611
0.688009 2633.392334
0.691150 2630.774440
0.694292 2628.250210
0.697434 2625.818438
0.700575 2623.477801
0.703717 2621.224755
0.706858 2619.058683
0.710000 2616.976151
0.713142 2614.975809
0.716283 2613.056201
0.719425 2611.214052
0.722566 2609.448483
0.725708 2607.756314
0.728849 2606.136572
0.731991 2604.586172
0.735133 2603.103585
0.738274 2601.687200
0.741416 2600.334061
0.744557 2599.042977
0.747699 2597.811073
0.750841 2596.636715
0.753982 2595.518196
0.757124 2594.452752
0.760265 2593.439008
0.763407 2592.474256
0.766549 2591.556313
0.769690 2590.682295
0.772832 2589.848440
0.775973 2589.052074
0.779115 2588.289486
0.782257 2587.557727
0.785398 2586.853812
0.788540 2586.174088
0.791681 2585.515782
0.794823 2584.875271
0.797965 2584.249561
0.801106 2583.635640
0.804248 2583.029911
0.807389 2582.429556
0.810531 2581.830987
0.813672 2581.231382
0.816814 2580.627153
0.819956 2580.015285
0.823097 2579.392771
0.826239 2578.756009
0.829380 2578.102202
0.832522 2577.427727
0.835664 2576.729584
0.838805 2576.004801
0.841947 2575.249712
0.845088 2574.461593
0.848230 2573.636737
0.851372 2572.772184
0.854513 2571.865022
0.857655 2570.911470
0.860796 2569.908930
0.863938 2568.853558
0.867080 2567.742459
0.870221 2566.572809
0.873363 2565.340659
0.876504 2564.043587
0.879646 2562.677564
0.882788 2561.239785
0.885929 2559.727537
0.889071 2558.136655
0.892212 2556.467325
0.895354 2554.724921
0.898495 2552.918366
0.901637 2551.054324
0.904779 2549.141180
0.907920 2547.187380
0.911062 2545.199495
0.914203 2543.186605
0.917345 2541.155244
0.920487 2539.113866
0.923628 2537.070941
0.926770 2535.032984
0.929911 2533.009104
0.933053 2531.005830
0.936195 2529.031627
0.939336 2527.094922
0.942478 2525.202300
0.945619 2523.362777
0.948761 2521.582998
0.951903 2519.871377
0.955044 2518.236239
0.958186 2516.684359
0.961327 2515.224538
0.964469 2513.863663
0.967611 2512.610031
0.970752 2511.471805
0.973894 2510.456075
0.977035 2509.571302
0.980177 2508.824737
0.983319 2508.224503
0.986460 2507.778535
0.989602 2507.494363
0.992743 2507.379983
0.995885 2507.443137
0.999026 2507.691599
1.002168 2508.133343
1.005310 2508.776137
1.008451 2509.627496
1.011593 2510.695777
1.014734 2511.988113
1.017876 2513.510755
1.021018 2515.252088
1.024159 2517.193126
1.027301 2519.316744
1.030442 2521.603238
1.033584 2524.035704
1.036726 2526.595075
1.039867 2529.262119
1.043009 2532.020176
1.046150 2534.849137
1.049292 2537.732443
1.052434 2540.650840
1.055575 2543.585027
1.058717 2546.518512
1.061858 2549.431075
1.065000 2552.306212
1.068142 2555.124624
1.071283 2557.867089
1.074425 2560.516992
1.077566 2563.054293
1.080708 2565.462249
1.083849 2567.720973
1.086991 2569.813545
1.090133 2571.720855
1.093274 2573.424030
1.096416 2574.905794
1.099557 2576.146852
1.102699 2577.129634
1.105841 2577.835341
1.108982 2578.245525
1.112124 2578.342087
1.115265 2578.106615
1.118407 2577.520597
1.121549 2576.565689
1.124690 2575.224018
1.127832 2573.476368
1.130973 2571.305500
1.134115 2568.691672
1.137257 2565.617140
1.140398 2562.064749
1.143540 2558.015726
1.146681 2553.490794
1.149823 2548.536006
1.152965 2543.202748
1.156106 2537.542885
1.159248 2531.602819
1.162389 2525.436315
1.165531 2519.089450
1.168672 2512.616248
1.171814 2506.062591
1.174956 2499.480542
1.178097 2492.922197
1.181239 2486.433385
1.184380 2480.068219
1.187522 2473.872651
1.190664 2467.898749
1.193805 2462.198295
1.196947 2456.817666
1.200088 2451.810269
1.203230 2447.222920
1.206372 2443.107295
1.209513 2439.514465
1.212655 2436.492148
1.215796 2434.092252
1.218938 2432.363252
1.222080 2431.356034
1.225221 2431.120560
1.228363 2431.706686
1.231504 2433.164023
1.234646 2435.543503
1.237788 2438.894821
1.240929 2443.266435
1.244071 2448.711135
1.247212 2455.275437
1.250354 2463.013526
1.253495 2471.970460
1.256637 2482.201946
1.259779 2493.755349
1.262920 2506.676348
1.266062 2521.023177
1.269203 2536.835383
1.272345 2554.044504
1.275487 2572.334909
1.278628 2591.364889
1.281770 2610.811082
1.284911 2630.325774
1.288053 2649.585911
1.291195 2668.249707
1.294336 2685.976134
1.297478 2702.441001
1.300619 2717.298490
1.303761 2730.222584
1.306903 2740.872710
1.310044 2748.911195
1.313186 2754.007675
1.316327 2755.823572
1.319469 2754.024563
1.322611 2748.273961
1.325752 2738.240112
1.328894 2723.581147
1.332035 2703.971062
1.335177 2679.061890
1.338318 2648.534151
1.341460 2612.032928
1.344602 2569.231458
1.347743 2519.811000
1.350885 2463.404606
1.354026 2399.712845
1.357168 2328.359682
1.360310 2249.028648
1.363451 2161.413427
1.366593 2065.122751
1.369734 1959.882578
1.372876 1845.290417
1.376018 1721.042759
1.379159 1586.848384
1.382301 1442.286368
1.385442 1287.113392
1.388584 1120.895173
1.391726 943.343831
1.394867 754.185913
