0.004712 50024.961005
0.007854 47973.223571
0.010996 45994.207755
0.014137 44087.000280
0.017279 42248.877846
0.020420 40479.502222
0.023562 38776.237873
0.026704 37138.149582
0.029845 35564.219167
0.032987 34051.935538
0.036128 32600.753057
0.039270 31208.238795
0.042412 29873.355031
0.045553 28594.990683
0.048695 27370.822862
0.051836 26200.122533
0.054978 25080.635359
0.058119 24011.565673
0.061261 22990.723852
0.064403 22016.948841
0.067544 21089.019671
0.070686 20204.836588
0.073827 19363.454145
0.076969 18562.827696
0.080111 17801.722496
0.083252 17078.853493
0.086394 16392.251504
0.089535 15740.845311
0.092677 15122.711236
0.095819 14536.552850
0.098960 13981.033023
0.102102 13454.289128
0.105243 12955.148195
0.108385 12481.783495
0.111527 12032.848925
0.114668 11606.967281
0.117810 11202.358484
0.120951 10817.771817
0.124093 10451.481170
0.127235 10102.649084
0.130376 9770.876096
0.133518 9455.464646
0.136659 9156.129403
0.139801 8872.193461
0.142942 8603.351453
0.146084 8348.945889
0.149226 8108.578285
0.152367 7881.832290
0.155509 7668.077217
0.158650 7466.963027
0.161792 7277.875355
0.164934 7100.393767
0.168075 6934.083059
0.171217 6778.351024
0.174358 6632.810691
0.177500 6496.883080
0.180642 6370.129678
0.183783 6252.100295
0.186925 6142.233469
0.190066 6040.113031
0.193208 5945.187651
0.196350 5857.004604
0.199491 5775.102585
0.202633 5698.943136
0.205774 5628.088633
0.208916 5562.007653
0.212058 5500.237130
0.215199 5442.308515
0.218341 5387.698613
0.221482 5335.956083
0.224624 5286.561672
0.227765 5239.060719
0.230907 5192.936670
0.234049 5147.718484
0.237190 5102.933967
0.240332 5058.068362
0.243473 5012.780510
0.246615 4967.026746
0.249757 4920.874081
0.252898 4874.390031
0.256040 4827.597651
0.259181 4780.579360
0.262323 4733.357872
0.265465 4686.000789
0.268606 4638.575886
0.271748 4591.105620
0.274889 4543.672838
0.278031 4496.299993
0.281173 4449.054861
0.284314 4402.005055
0.287456 4355.173269
0.290597 4308.641947
0.293739 4262.434114
0.296881 4216.617301
0.300022 4171.258540
0.303164 4126.381604
0.306305 4082.067691
0.309447 4038.341238
0.312588 3995.282711
0.315730 3952.917346
0.318872 3911.311628
0.322013 3870.531072
0.325155 3830.602367
0.328296 3791.603561
0.331438 3753.562475
0.334580 3716.544342
0.337721 3680.613094
0.340863 3645.798505
0.344004 3612.175369
0.347146 3579.774930
0.350288 3548.660751
0.353429 3518.894759
0.356571 3490.510655
0.359712 3463.574778
0.362854 3438.061546
0.365996 3413.931660
0.369137 3391.143248
0.372279 3369.632893
0.375420 3349.365398
0.378562 3330.278952
0.381704 3312.331281
0.384845 3295.478662
0.387987 3279.661455
0.391128 3264.840843
0.394270 3250.958481
0.397411 3237.974318
0.400553 3225.831181
0.403695 3214.484421
0.406836 3203.888378
0.409978 3193.987396
0.413119 3184.738893
0.416261 3176.088071
0.419403 3167.989055
0.422544 3160.395267
0.425686 3153.252965
0.428827 3146.517807
0.431969 3140.136598
0.435111 3134.062623
0.438252 3128.248777
0.441394 3122.642450
0.444535 3117.198325
0.447677 3111.864026
0.450819 3106.592390
0.453960 3101.336172
0.457102 3096.043119
0.460243 3090.667712
0.463385 3085.157621
0.466527 3079.465621
0.469668 3073.544718
0.472810 3067.342236
0.475951 3060.813303
0.479093 3053.923661
0.482234 3046.691581
0.485376 3039.132659
0.488518 3031.269349
0.491659 3023.124492
0.494801 3014.713102
0.497942 3006.060725
0.501084 2997.182050
0.504226 2988.100001
0.507367 2978.837759
0.510509 2969.409625
0.513650 2959.841792
0.516792 2950.148369
0.519934 2940.352585
0.523075 2930.477800
0.526217 2920.537926
0.529358 2910.559482
0.532500 2900.556315
0.535642 2890.551799
0.538783 2880.569315
0.541925 2870.622705
0.545066 2860.738493
0.548208 2850.930585
0.551350 2841.222342
0.554491 2831.637002
0.557633 2822.188661
0.560774 2812.903523
0.563916 2803.795878
0.567057 2794.891713
0.570199 2786.205560
0.573341 2777.760490
0.576482 2769.579271
0.579624 2761.676893
0.582765 2754.078578
0.585907 2746.799687
0.589049 2739.862893
0.592190 2733.290435
0.595332 2727.096133
0.598473 2721.281310
0.601615 2715.828340
0.604757 2710.725095
0.607898 2705.958998
0.611040 2701.512976
0.614181 2697.375829
0.617323 2693.530885
0.620465 2689.965468
0.623606 2686.666546
0.626748 2683.617981
0.629889 2680.807683
0.633031 2678.219824
0.636173 2675.841295
0.639314 2673.658720
0.642456 2671.656672
0.645597 2669.822394
0.648739 2668.140680
0.651880 2666.598569
0.655022 2665.181043
0.658164 2663.874571
0.661305 2662.665485
0.664447 2661.538976
0.667588 2660.481730
0.670730 2659.479037
0.673872 2658.517203
0.677013 2657.582480
0.680155 2656.660236
0.683296 2655.737027
0.686438 2654.798228
0.689580 2653.830090
0.692721 2652.818902
0.695863 2651.749983
0.699004 2650.609983
0.702146 2649.384137
0.705288 2648.058755
0.708429 2646.620274
0.711571 2645.053814
0.714712 2643.353508
0.717854 2641.524369
0.720996 2639.574391
0.724137 2637.511722
0.727279 2635.342522
0.730420 2633.075642
0.733562 2630.717111
0.736703 2628.275899
0.739845 2625.757925
0.742987 2623.171429
0.746128 2620.524735
0.749270 2617.823633
0.752411 2615.077310
0.755553 2612.291491
0.758695 2609.474518
0.761836 2606.634773
0.764978 2603.777920
0.768119 2600.913248
0.771261 2598.046405
0.774403 2595.185777
0.777544 2592.339742
0.780686 2589.513960
0.783827 2586.717700
0.786969 2583.956654
0.790111 2581.239192
0.793252 2578.573628
0.796394 2575.965738
0.799535 2573.424651
0.802677 2570.956223
0.805819 2568.568747
0.808960 2566.270416
0.812102 2564.067239
0.815243 2561.968088
0.818385 2559.979098
0.821526 2558.109006
0.824668 2556.364094
0.827810 2554.752451
0.830951 2553.280799
0.834093 2551.946125
0.837234 2550.743647
0.840376 2549.666953
0.843518 2548.710797
0.846659 2547.869781
0.849801 2547.137722
0.852942 2546.509443
0.856084 2545.978896
0.859226 2545.540649
0.862367 2545.189152
0.865509 2544.918535
0.868650 2544.723325
0.871792 2544.597751
0.874934 2544.536239
0.878075 2544.533132
0.881217 2544.582781
0.884358 2544.679511
0.887500 2544.817735
0.890642 2544.991783
0.893783 2545.195936
0.896925 2545.424677
0.900066 2545.672217
0.903208 2545.933065
0.906349 2546.201412
0.909491 2546.471781
0.912633 2546.738440
0.915774 2546.995660
0.918916 2547.237958
0.922057 2547.459535
0.925199 2547.654886
0.928341 2547.818287
0.931482 2547.944058
0.934624 2548.026630
0.937765 2548.060308
0.940907 2548.039466
0.944049 2547.958435
0.947190 2547.811700
0.950332 2547.597145
0.953473 2547.317967
0.956615 2546.977442
0.959757 2546.579100
0.962898 2546.126547
0.966040 2545.622947
0.969181 2545.072072
0.972323 2544.477022
0.975465 2543.841420
0.978606 2543.168937
0.981748 2542.462598
0.984889 2541.726304
0.988031 2540.963037
0.991172 2540.176733
0.994314 2539.370346
0.997456 2538.547574
1.000597 2537.712138
1.003739 2536.866959
1.006880 2536.016026
1.010022 2535.162248
1.013164 2534.309348
1.016305 2533.461050
1.019447 2532.620265
1.022588 2531.790979
1.025730 2530.976116
1.028872 2530.179396
1.032013 2529.404513
1.035155 2528.654428
1.038296 2527.933068
1.041438 2527.243426
1.044580 2526.589190
1.047721 2525.974002
1.050863 2525.400923
1.054004 2524.873768
1.057146 2524.395653
1.060288 2523.970207
1.063429 2523.600992
1.066571 2523.290464
1.069712 2523.037518
1.072854 2522.839378
1.075995 2522.693555
1.079137 2522.597341
1.082279 2522.548175
1.085420 2522.543436
1.088562 2522.580504
1.091703 2522.656743
1.094845 2522.769584
1.097987 2522.916395
1.101128 2523.094497
1.104270 2523.301388
1.107411 2523.534323
1.110553 2523.790834
1.113695 2524.068235
1.116836 2524.363813
1.119978 2524.675142
1.123119 2524.999408
1.126261 2525.334202
1.129403 2525.676808
1.132544 2526.024497
1.135686 2526.374877
1.138827 2526.725108
1.141969 2527.072800
1.145111 2527.415225
1.148252 2527.749660
1.151394 2528.073705
1.154535 2528.384538
1.157677 2528.679741
1.160818 2528.956513
1.163960 2529.212415
1.167102 2529.444739
1.170243 2529.650807
1.173385 2529.828136
1.176526 2529.973999
1.179668 2530.085873
1.182810 2530.161180
1.185951 2530.199992
1.189093 2530.205340
1.192234 2530.180385
1.195376 2530.128274
1.198518 2530.052176
1.201659 2529.955291
1.204801 2529.840719
1.207942 2529.711699
1.211084 2529.571310
1.214226 2529.422758
1.217367 2529.269257
1.220509 2529.113874
1.223650 2528.959870
1.226792 2528.810311
1.229934 2528.668412
1.233075 2528.537378
1.236217 2528.420290
1.239358 2528.320384
1.242500 2528.240762
1.245641 2528.184638
1.248783 2528.155139
1.251925 2528.155453
1.255066 2528.188728
1.258208 2528.258150
1.261349 2528.366838
1.264491 2528.518025
1.267633 2528.714849
1.270774 2528.960387
1.273916 2529.257961
1.277057 2529.610544
1.280199 2530.021524
1.283341 2530.493965
1.286482 2531.030848
1.289624 2531.635681
1.292765 2532.311240
1.295907 2533.061122
1.299049 2533.888286
