0.003142 51308.268883
0.006283 49020.324413
0.009425 46821.063154
0.012566 44709.886513
0.015708 42683.450868
0.018850 40740.442278
0.021991 38879.440602
0.025133 37097.261514
0.028274 35393.040932
0.031416 33763.694361
0.034558 32207.776704
0.037699 30723.749396
0.040841 29308.668144
0.043982 27961.435196
0.047124 26679.193363
0.050265 25460.760336
0.053407 24303.360939
0.056549 23205.393188
0.059690 22165.179447
0.062832 21180.058019
0.065973 20248.657465
0.069115 19368.385374
0.072257 18537.546791
0.075398 17754.383831
0.078540 17016.398473
0.081681 16322.061966
0.084823 15668.932848
0.087965 15055.239097
0.091106 14479.158492
0.094248 13938.324869
0.097389 13431.083983
0.100531 12955.113502
0.103673 12508.580249
0.106814 12089.613574
0.109956 11695.947351
0.113097 11325.833660
0.116239 10977.037483
0.119381 10647.680393
0.122522 10335.859221
0.125664 10039.376064
0.128805 9756.421141
0.131947 9484.926541
0.135088 9224.226773
0.138230 8973.892200
0.141372 8733.749703
0.144513 8503.613190
0.147655 8283.078384
0.150796 8072.028033
0.153938 7870.070015
0.157080 7677.015199
0.160221 7492.663121
0.163363 7316.638657
0.166504 7148.796224
0.169646 6988.771211
0.172788 6836.360525
0.175929 6691.351383
0.179071 6553.393713
0.182212 6422.317698
0.185354 6297.782139
0.188496 6179.572034
0.191637 6067.464329
0.194779 5961.129901
0.197920 5860.378805
0.201062 5764.889151
0.204204 5674.436076
0.207345 5588.788308
0.210487 5507.633572
0.213628 5430.765896
0.216770 5357.878596
0.219911 5288.760437
0.223053 5223.109671
0.226195 5160.691077
0.229336 5101.265321
0.232478 5044.536825
0.235619 4990.284069
0.238761 4938.214769
0.241903 4888.088767
0.245044 4839.663432
0.248186 4792.650190
0.251327 4746.821337
0.254469 4701.889953
0.257611 4657.617100
0.260752 4613.881093
0.263894 4570.651625
0.267035 4527.960853
0.270177 4485.786237
0.273319 4444.146093
0.276460 4403.058060
0.279602 4362.500617
0.282743 4322.504221
0.285885 4283.048045
0.289027 4244.149553
0.292168 4205.825500
0.295310 4168.056124
0.298451 4130.870108
0.301593 4094.248414
0.304734 4058.218995
0.307876 4022.763549
0.311018 3987.898283
0.314159 3953.638652
0.317301 3919.967484
0.320442 3886.910850
0.323584 3854.452345
0.326726 3822.607231
0.329867 3791.389991
0.333009 3760.785390
0.336150 3730.817548
0.339292 3701.472025
0.342434 3672.763105
0.345575 3644.704261
0.348717 3617.282269
0.351858 3590.519224
0.355000 3564.402726
0.358142 3538.946043
0.361283 3514.161601
0.364425 3490.038261
0.367566 3466.596018
0.370708 3443.824587
0.373850 3421.736182
0.376991 3400.342147
0.380133 3379.633501
0.383274 3359.628043
0.386416 3340.311438
0.389557 3321.679796
0.392699 3303.702967
0.395841 3286.368697
0.398982 3269.663916
0.402124 3253.559701
0.405265 3238.048022
0.408407 3223.100716
0.411549 3208.704523
0.414690 3194.845480
0.417832 3181.496476
0.420973 3168.647729
0.424115 3156.272770
0.427257 3144.357476
0.430398 3132.887139
0.433540 3121.836169
0.436681 3111.193321
0.439823 3100.933531
0.442965 3091.041960
0.446106 3081.503298
0.449248 3072.293185
0.452389 3063.399204
0.455531 3054.797406
0.458673 3046.472379
0.461814 3038.408360
0.464956 3030.581927
0.468097 3022.979782
0.471239 3015.578799
0.474380 3008.365408
0.477522 3001.316731
0.480664 2994.416800
0.483805 2987.649459
0.486947 2980.992113
0.490088 2974.430720
0.493230 2967.942815
0.496372 2961.512209
0.499513 2955.122641
0.502655 2948.751754
0.505796 2942.385326
0.508938 2936.001016
0.512080 2929.585358
0.515221 2923.139650
0.518363 2916.663857
0.521504 2910.166171
0.524646 2903.646526
0.527788 2897.111060
0.530929 2890.565932
0.534071 2884.011045
0.537212 2877.454642
0.540354 2870.896620
0.543496 2864.343139
0.546637 2857.800352
0.549779 2851.268166
0.552920 2844.754809
0.556062 2838.260204
0.559203 2831.792556
0.562345 2825.351819
0.565487 2818.944128
0.568628 2812.575578
0.571770 2806.246185
0.574911 2799.964048
0.578053 2793.729239
0.581195 2787.547838
0.584336 2781.425857
0.587478 2775.363470
0.590619 2769.368607
0.593761 2763.441520
0.596903 2757.588204
0.600044 2751.814554
0.603186 2746.120968
0.606327 2740.515140
0.609469 2734.997571
0.612611 2729.574133
0.615752 2724.250577
0.618894 2719.027587
0.622035 2713.912555
0.625177 2708.906298
0.628319 2704.014533
0.631460 2699.242833
0.634602 2694.592232
0.637743 2690.069502
0.640885 2685.672208
0.644026 2681.401242
0.647168 2677.251929
0.650310 2673.223691
0.653451 2669.315796
0.656593 2665.523800
0.659734 2661.848161
0.662876 2658.284581
0.666018 2654.832292
0.669159 2651.490385
0.672301 2648.254773
0.675442 2645.125562
0.678584 2642.098803
0.681726 2639.173550
0.684867 2636.348732
0.688009 2633.620592
0.691150 2630.988913
0.694292 2628.450060
0.697434 2626.002931
0.700575 2623.646305
0.703717 2621.376724
0.706858 2619.193677
0.710000 2617.093819
0.713142 2615.075900
0.716283 2613.138568
0.719425 2611.278633
0.722566 2609.495322
0.725708 2607.785545
0.728849 2606.148433
0.731991 2604.580988
0.735133 2603.081785
0.738274 2601.649313
0.741416 2600.280704
0.744557 2598.974872
0.747699 2597.729031
0.750841 2596.541647
0.753982 2595.411116
0.757124 2594.334762
0.760265 2593.311313
0.763407 2592.338151
0.766549 2591.413135
0.769690 2590.533335
0.772832 2589.694934
0.775973 2588.895209
0.779115 2588.130394
0.782257 2587.397491
0.785398 2586.693461
0.788540 2586.014599
0.791681 2585.358081
0.794823 2584.720232
0.797965 2584.098005
0.801106 2583.488334
0.804248 2582.887574
0.807389 2582.292851
0.810531 2581.700530
0.813672 2581.107730
0.816814 2580.510818
0.819956 2579.906722
0.823097 2579.292384
0.826239 2578.664153
0.829380 2578.019173
0.832522 2577.353778
0.835664 2576.664910
0.838805 2575.949543
0.841947 2575.203966
0.845088 2574.425395
0.848230 2573.610079
0.851372 2572.755001
0.854513 2571.857196
0.857655 2570.912834
0.860796 2569.919261
0.863938 2568.872587
0.867080 2567.769861
0.870221 2566.608205
0.873363 2565.383622
0.876504 2564.093635
0.879646 2562.734166
0.882788 2561.302355
0.885929 2559.795438
0.889071 2558.209197
0.892212 2556.543785
0.895354 2554.804594
0.898495 2553.000574
0.901637 2551.138420
0.904779 2549.226543
0.907920 2547.273418
0.911062 2545.285646
0.914203 2543.272334
0.917345 2541.240044
0.920487 2539.197260
0.923628 2537.152481
0.926770 2535.112247
0.929911 2533.085700
0.933053 2531.079394
0.936195 2529.101823
0.939336 2527.161445
0.942478 2525.264869
0.945619 2523.421144
0.948761 2521.636941
0.951903 2519.920702
0.955044 2518.280784
0.958186 2516.723985
0.961327 2515.259140
0.964469 2513.893160
0.967611 2512.634373
0.970752 2511.490970
0.973894 2510.470069
0.977035 2509.580160
0.980177 2508.828522
0.983319 2508.223307
0.986460 2507.772477
0.989602 2507.483593
0.992743 2507.364678
0.995885 2507.423502
0.999026 2507.667869
1.002168 2508.105778
1.005310 2508.745030
1.008451 2509.593166
1.011593 2510.658571
1.014734 2511.948409
1.017876 2513.468952
1.021018 2515.208584
1.024159 2517.148300
1.027301 2519.270960
1.030442 2521.556844
1.033584 2523.989031
1.036726 2526.548436
1.039867 2529.215814
1.043009 2531.974486
1.046150 2534.804327
1.049292 2537.688763
1.052434 2540.608521
1.055575 2543.544286
1.058717 2546.479548
1.061858 2549.394072
1.065000 2552.271336
1.068142 2555.092027
1.071283 2557.836903
1.074425 2560.489336
1.077566 2563.029268
1.080708 2565.439940
1.083849 2567.701448
1.086991 2569.796856
1.090133 2571.707038
1.093274 2573.413104
1.096416 2574.897763
1.099557 2576.141700
1.102699 2577.127333
1.105841 2577.835844
1.108982 2578.248768
1.112124 2578.347993
1.115265 2578.115086
1.118407 2577.531522
1.121549 2576.578941
1.124690 2575.239450
1.127832 2573.493820
1.130973 2571.324793
1.134115 2568.712613
1.137257 2565.639518
1.140398 2562.088337
1.143540 2558.040283
1.146681 2553.516074
1.149823 2548.561777
1.152965 2543.228787
1.156106 2537.568983
1.159248 2531.628776
1.162389 2525.461944
1.165531 2519.114574
1.168672 2512.640702
1.171814 2506.086223
1.174956 2499.503209
1.178097 2492.943768
1.181239 2486.453741
1.184380 2480.087252
1.187522 2473.890265
1.190664 2467.914858
1.193805 2462.212826
1.196947 2456.830555
1.200088 2451.821466
1.203230 2447.232386
1.206372 2443.115000
1.209513 2439.520394
1.212655 2436.496295
1.215796 2434.094623
1.218938 2432.363864
1.222080 2431.354915
1.225221 2431.117751
1.228363 2431.702238
1.231504 2433.157999
1.234646 2435.535977
1.237788 2438.885878
1.240929 2443.256174
1.244071 2448.699662
1.247212 2455.262873
1.250354 2463.000002
1.253495 2471.956118
1.256637 2482.186941
1.259779 2493.739845
1.262920 2506.660523
1.266062 2521.007217
1.269203 2536.819489
1.272345 2554.028877
1.275487 2572.319737
1.278628 2591.350343
1.281770 2610.797318
1.284911 2630.312930
1.288053 2649.574112
1.291195 2668.239061
1.294336 2685.966733
1.297478 2702.432920
1.300619 2717.291789
1.303761 2730.217308
1.306903 2740.868887
1.310044 2748.908836
1.313186 2754.006778
1.316327 2755.824116
1.319469 2754.026512
1.322611 2748.277265
1.325752 2738.244702
1.328894 2723.586941
1.332035 2703.977959
1.335177 2679.069776
1.338318 2648.542894
1.341460 2612.042381
1.344602 2569.241459
1.347743 2519.821369
1.350885 2463.415148
1.354026 2399.723350
1.357168 2328.369923
1.360310 2249.038382
1.363451 2161.422395
1.366593 2065.130679
1.369734 1959.889175
1.372876 1845.295377
1.376018 1721.045759
1.379159 1586.849087
1.382301 1442.284418
1.385442 1287.108420
1.388584 1120.886792
1.391726 943.331640
1.394867 754.169494
