0.003142 51030.555238
0.006283 48803.200465
0.009425 46660.097338
0.012566 44600.748459
0.015708 42621.980205
0.018850 40722.598490
0.021991 38901.308171
0.025133 37155.087207
0.028274 35483.185569
0.031416 33882.676337
0.034558 32352.240592
0.037699 30890.470212
0.040841 29494.572077
0.043982 28163.573163
0.047124 26894.763619
0.050265 25687.089524
0.053407 24537.919551
0.056549 23445.784910
0.059690 22409.144205
0.062832 21425.475014
0.065973 20493.541914
0.069115 19610.889153
0.072257 18775.958671
0.075398 17987.131659
0.078540 17242.043486
0.081681 16539.306865
0.084823 15876.611981
0.087965 15252.326325
0.091106 14664.768489
0.094248 14111.702000
0.097389 13591.617341
0.100531 13102.321001
0.103673 12642.120835
0.106814 12209.287659
0.109956 11801.683520
0.113097 11417.706308
0.116239 11055.249176
0.119381 10712.575165
0.122522 10387.922134
0.125664 10079.221010
0.128805 9784.806728
0.131947 9502.730370
0.135088 9232.358806
0.138230 8973.226703
0.141372 8725.134054
0.144513 8487.866799
0.147655 8260.986019
0.150796 8044.348413
0.153938 7837.528196
0.157080 7640.308026
0.160221 7452.458339
0.163363 7273.571680
0.166504 7103.474200
0.169646 6941.769748
0.172788 6788.225934
0.175929 6642.599982
0.179071 6504.511323
0.182212 6373.760137
0.185354 6249.975327
0.188496 6132.911749
0.191637 6022.315700
0.194779 5917.828919
0.197920 5819.230195
0.201062 5726.168906
0.204204 5638.389439
0.207345 5555.629463
0.210487 5477.548437
0.213628 5403.908344
0.216770 5334.374453
0.219911 5268.703304
0.223053 5206.565241
0.226195 5147.693849
0.229336 5091.818555
0.232478 5038.615940
0.235619 4987.832149
0.238761 4939.147005
0.241903 4892.289124
0.245044 4846.984798
0.248186 4802.917337
0.251327 4759.827073
0.254469 4717.398725
0.257611 4675.362973
0.260752 4633.586248
0.263894 4592.048656
0.267035 4550.791528
0.270177 4509.803494
0.273319 4469.112633
0.276460 4428.746648
0.279602 4388.694735
0.282743 4348.997279
0.285885 4309.643901
0.289027 4270.662199
0.292168 4232.079294
0.295310 4193.885517
0.298451 4156.120073
0.301593 4118.773811
0.304734 4081.885397
0.307876 4045.446241
0.311018 4009.483060
0.314159 3974.021966
0.317301 3939.055279
0.320442 3904.620148
0.323584 3870.709544
0.326726 3837.349417
0.329867 3804.565015
0.333009 3772.350361
0.336150 3740.740852
0.339292 3709.731260
0.342434 3679.346645
0.345575 3649.611274
0.348717 3620.521111
0.351858 3592.109565
0.355000 3564.373443
0.358142 3537.336800
0.361283 3511.022800
0.364425 3485.429587
0.367566 3460.588343
0.370708 3436.498150
0.373850 3413.181937
0.376991 3390.661648
0.380133 3368.937843
0.383274 3348.039204
0.386416 3327.956962
0.389557 3308.684202
0.392699 3290.185469
0.395841 3272.443837
0.398982 3255.441414
0.402124 3239.144191
0.405265 3223.539369
0.408407 3208.593828
0.411549 3194.289455
0.414690 3180.607321
0.417832 3167.515530
0.420973 3154.999242
0.424115 3143.027304
0.427257 3131.580602
0.430398 3120.639352
0.433540 3110.173404
0.436681 3100.166247
0.439823 3090.588324
0.442965 3081.419705
0.446106 3072.639936
0.449248 3064.220243
0.452389 3056.142812
0.455531 3048.379317
0.458673 3040.909192
0.461814 3033.711500
0.464956 3026.758473
0.468097 3020.031365
0.471239 3013.502708
0.474380 3007.153486
0.477522 3000.956471
0.480664 2994.890523
0.483805 2988.934333
0.486947 2983.060927
0.490088 2977.250869
0.493230 2971.477277
0.496372 2965.718819
0.499513 2959.954145
0.502655 2954.156401
0.505796 2948.306104
0.508938 2942.376346
0.512080 2936.349522
0.515221 2930.227780
0.518363 2924.013839
0.521504 2917.718275
0.524646 2911.343702
0.527788 2904.898734
0.530929 2898.392076
0.534071 2891.826209
0.537212 2885.211930
0.540354 2878.551650
0.543496 2871.854092
0.546637 2865.128024
0.549779 2858.375787
0.552920 2851.608298
0.556062 2844.827869
0.559203 2838.045437
0.562345 2831.263305
0.565487 2824.490256
0.568628 2817.735062
0.571770 2811.000042
0.574911 2804.296105
0.578053 2797.625602
0.581195 2790.997299
0.584336 2784.419903
0.587478 2777.895851
0.590619 2771.435912
0.593761 2765.042597
0.596903 2758.724597
0.600044 2752.490506
0.603186 2746.342977
0.606327 2740.292542
0.609469 2734.341972
0.612611 2728.499832
0.615752 2722.774550
0.618894 2717.169103
0.622035 2711.693677
0.625177 2706.351410
0.628319 2701.150688
0.631460 2696.099720
0.634602 2691.201911
0.637743 2686.466573
0.640885 2681.891336
0.644026 2677.475878
0.647168 2673.214072
0.650310 2669.104032
0.653451 2665.143681
0.656593 2661.327180
0.659734 2657.653646
0.662876 2654.117424
0.666018 2650.716390
0.669159 2647.448247
0.672301 2644.307600
0.675442 2641.293132
0.678584 2638.399610
0.681726 2635.624697
0.684867 2632.965905
0.688009 2630.418225
0.691150 2627.979967
0.694292 2625.646260
0.697434 2623.414584
0.700575 2621.282285
0.703717 2619.244689
0.706858 2617.299781
0.710000 2615.443006
0.713142 2613.671682
0.716283 2611.983018
0.719425 2610.372623
0.722566 2608.838207
0.725708 2607.375480
0.728849 2605.982057
0.731991 2604.653737
0.735133 2603.387657
0.738274 2602.180877
0.741416 2601.029313
0.744557 2599.930383
0.747699 2598.880073
0.750841 2597.875425
0.753982 2596.913422
0.757124 2595.990136
0.760265 2595.102841
0.763407 2594.247664
0.766549 2593.421890
0.769690 2592.623208
0.772832 2591.848583
0.775973 2591.095983
0.779115 2590.362401
0.782257 2589.645553
0.785398 2588.943133
0.788540 2588.252168
0.791681 2587.570571
0.794823 2586.895382
0.797965 2586.224292
0.801106 2585.554986
0.804248 2584.884511
0.807389 2584.210770
0.810531 2583.530805
0.813672 2582.842525
0.816814 2582.142963
0.819956 2581.429811
0.823097 2580.700776
0.826239 2579.952867
0.829380 2579.184035
0.832522 2578.391262
0.835664 2577.572264
0.838805 2576.724787
0.841947 2575.845765
0.845088 2574.933232
0.848230 2573.984080
0.851372 2572.996067
0.854513 2571.967000
0.857655 2570.893696
0.860796 2569.774314
0.863938 2568.605614
0.867080 2567.385417
0.870221 2566.111611
0.873363 2564.780857
0.876504 2563.391478
0.879646 2561.940061
0.882788 2560.424512
0.885929 2558.842818
0.889071 2557.191447
0.892212 2555.471076
0.895354 2553.686808
0.898495 2551.847220
0.901637 2549.958586
0.904779 2548.028930
0.907920 2546.066329
0.911062 2544.076978
0.914203 2542.069586
0.917345 2540.050320
0.920487 2538.027264
0.923628 2536.008507
0.926770 2534.000207
0.929911 2532.011086
0.933053 2530.047322
0.936195 2528.117000
0.939336 2526.228159
0.942478 2524.387044
0.945619 2522.602268
0.948761 2520.880140
0.951903 2519.228684
0.955044 2517.655836
0.958186 2516.168039
0.961327 2514.773682
0.964469 2513.479323
0.967611 2512.292868
0.970752 2511.222086
0.973894 2510.273740
0.977035 2509.455877
0.980177 2508.775420
0.983319 2508.240099
0.986460 2507.857458
0.989602 2507.634697
0.992743 2507.579402
0.995885 2507.698981
0.999026 2508.000802
1.002168 2508.492501
1.005310 2509.181459
1.008451 2510.074805
1.011593 2511.180554
1.014734 2512.505444
1.017876 2514.055428
1.021018 2515.818935
1.024159 2517.777188
1.027301 2519.913287
1.030442 2522.207733
1.033584 2524.643841
1.036726 2527.202753
1.039867 2529.865457
1.043009 2532.615500
1.046150 2535.432994
1.049292 2538.301587
1.052434 2541.202239
1.055575 2544.115872
1.058717 2547.026195
1.061858 2549.913216
1.065000 2552.760628
1.068142 2555.549355
1.071283 2558.260397
1.074425 2560.877333
1.077566 2563.380361
1.080708 2565.752926
1.083849 2567.975380
1.086991 2570.030991
1.090133 2571.900877
1.093274 2573.566389
1.096416 2575.010442
1.099557 2576.213979
1.102699 2577.159618
1.105841 2577.828787
1.108982 2578.203263
1.112124 2578.265139
1.115265 2577.996237
1.118407 2577.378239
1.121549 2576.393026
1.124690 2575.022945
1.127832 2573.248979
1.130973 2571.054117
1.134115 2568.418816
1.137257 2565.325555
1.140398 2561.757396
1.143540 2557.695762
1.146681 2553.161403
1.149823 2548.200223
1.152965 2542.863463
1.156106 2537.202840
1.159248 2531.264608
1.162389 2525.102380
1.165531 2518.762090
1.168672 2512.297608
1.171814 2505.754676
1.174956 2499.185202
1.178097 2492.641131
1.181239 2486.168152
1.184380 2479.820221
1.187522 2473.643152
1.190664 2467.688858
1.193805 2462.008968
1.196947 2456.649722
1.200088 2451.664366
1.203230 2447.099583
1.206372 2443.006890
1.209513 2439.437206
1.212655 2436.438114
1.215796 2434.061358
1.218938 2432.355282
1.222080 2431.370612
1.225221 2431.157159
1.228363 2431.764642
1.231504 2433.242511
1.234646 2435.641562
1.237788 2439.011337
1.240929 2443.400139
1.244071 2448.860619
1.247212 2455.439137
1.250354 2463.189738
1.253495 2472.157324
1.256637 2482.397460
1.259779 2493.957359
1.262920 2506.882551
1.266062 2521.231123
1.269203 2537.042476
1.272345 2554.248116
1.275487 2572.532598
1.278628 2591.554423
1.281770 2610.990431
1.284911 2630.493121
1.288053 2649.739642
1.291195 2668.388416
1.294336 2686.098631
1.297478 2702.546291
1.300619 2717.385797
1.303761 2730.291328
1.306903 2740.922526
1.310044 2748.941929
1.313186 2754.019371
1.316327 2755.816492
1.319469 2753.999165
1.322611 2748.230917
1.325752 2738.180306
1.328894 2723.505661
1.332035 2703.881194
1.335177 2678.959139
1.338318 2648.420229
1.341460 2611.909750
1.344602 2569.101148
1.347743 2519.675892
1.350885 2463.267239
1.354026 2399.575967
1.357168 2328.226248
1.360310 2248.901821
1.363451 2161.296574
1.366593 2065.019454
1.369734 1959.796616
1.372876 1845.225790
1.376018 1721.003668
1.379159 1586.839228
1.382301 1442.311772
1.385442 1287.178167
1.388584 1121.004363
1.391726 943.502676
1.394867 754.399842
