0.004712 51122.546940
0.007854 48819.946390
0.010996 46609.655042
0.014137 44490.178840
0.017279 42458.014085
0.020420 40512.301095
0.023562 38649.646814
0.026704 36868.529529
0.029845 35167.323732
0.032987 33542.792056
0.036128 31993.815343
0.039270 30517.253156
0.042412 29111.455758
0.045553 27774.683333
0.048695 26503.930560
0.051836 25297.853090
0.054978 24153.528822
0.058119 23069.532930
0.061261 22043.021048
0.064403 21072.193004
0.067544 20155.177742
0.070686 19289.237219
0.073827 18472.769407
0.076969 17703.100286
0.080111 16978.342796
0.083252 16296.552707
0.086394 15655.141754
0.089535 15052.364988
0.092677 14485.684452
0.095819 13953.143341
0.098960 13452.741392
0.102102 12982.005834
0.105243 12539.083079
0.108385 12121.536954
0.111527 11727.358048
0.114668 11354.507204
0.117810 11000.592867
0.120951 10663.687087
0.124093 10341.469993
0.127235 10032.859937
0.130376 9737.569385
0.133518 9455.059147
0.136659 9185.158034
0.139801 8927.343021
0.142942 8681.427200
0.146084 8446.902820
0.149226 8223.498776
0.152367 8010.929807
0.155509 7808.709394
0.158650 7616.615242
0.161792 7434.173869
0.164934 7261.096755
0.168075 7097.083461
0.171217 6941.678386
0.174358 6794.629433
0.177500 6655.491803
0.180642 6523.962357
0.183783 6399.728269
0.186925 6282.359267
0.190066 6171.579044
0.193208 6066.965895
0.196350 5968.204853
0.199491 5874.973502
0.202633 5786.861311
0.205774 5703.573350
0.208916 5624.705418
0.212058 5549.933517
0.215199 5478.928434
0.218341 5411.293790
0.221482 5346.721621
0.224624 5284.819643
0.227765 5225.276241
0.230907 5167.702336
0.234049 5111.765977
0.237190 5057.133130
0.240332 5003.417888
0.243473 4950.381207
0.246615 4897.953255
0.249757 4846.160059
0.252898 4795.026837
0.256040 4744.530068
0.259181 4694.710932
0.262323 4645.546746
0.265465 4597.062519
0.268606 4549.282393
0.271748 4502.184985
0.274889 4455.809309
0.278031 4410.134875
0.281173 4365.185604
0.284314 4320.984490
0.287456 4277.512429
0.290597 4234.806127
0.293739 4192.847433
0.296881 4151.659103
0.300022 4111.262915
0.303164 4071.642188
0.306305 4032.831176
0.309447 3994.814207
0.312588 3957.624515
0.315730 3921.247459
0.318872 3885.704052
0.322013 3851.014244
0.325155 3817.164987
0.328296 3784.186862
0.331438 3752.067910
0.334580 3720.827810
0.337721 3690.485121
0.340863 3661.029562
0.344004 3632.488919
0.347146 3604.854057
0.350288 3578.143250
0.353429 3552.373594
0.356571 3527.537721
0.359712 3503.658869
0.362854 3480.708388
0.365996 3458.665978
0.369137 3437.509885
0.372279 3417.198291
0.375420 3397.715793
0.378562 3379.021639
0.381704 3361.093808
0.384845 3343.909304
0.387987 3327.428838
0.391128 3311.634568
0.394270 3296.488090
0.397411 3281.970713
0.400553 3268.044846
0.403695 3254.686857
0.406836 3241.872389
0.409978 3229.564937
0.413119 3217.744001
0.416261 3206.373709
0.419403 3195.429546
0.422544 3184.886455
0.425686 3174.709377
0.428827 3164.876457
0.431969 3155.353088
0.435111 3146.114100
0.438252 3137.133961
0.441394 3128.378607
0.444535 3119.825278
0.447677 3111.440182
0.450819 3103.197718
0.453960 3095.072105
0.457102 3087.029824
0.460243 3079.047660
0.463385 3071.092185
0.466527 3063.137595
0.469668 3055.158083
0.472810 3047.120224
0.475951 3039.000838
0.479093 3030.776714
0.482234 3022.459152
0.485376 3014.052378
0.488518 3005.568551
0.491659 2997.019928
0.494801 2988.410590
0.497942 2979.755535
0.501084 2971.058776
0.504226 2962.332586
0.507367 2953.589277
0.510509 2944.832805
0.513650 2936.078263
0.516792 2927.329600
0.519934 2918.599128
0.523075 2909.899138
0.526217 2901.233613
0.529358 2892.617589
0.532500 2884.055102
0.535642 2875.558429
0.538783 2867.139763
0.541925 2858.803267
0.545066 2850.563766
0.548208 2842.425536
0.551350 2834.400743
0.554491 2826.501407
0.557633 2818.732019
0.560774 2811.107046
0.563916 2803.631155
0.567057 2796.318625
0.570199 2789.174321
0.573341 2782.210123
0.576482 2775.437684
0.579624 2768.862212
0.582765 2762.497414
0.585907 2756.348758
0.589049 2750.427832
0.592190 2744.745931
0.595332 2739.307813
0.598473 2734.114550
0.601615 2729.154541
0.604757 2724.421122
0.607898 2719.907342
0.611040 2715.601972
0.614181 2711.499403
0.617323 2707.588669
0.620465 2703.862753
0.623606 2700.314402
0.626748 2696.933003
0.629889 2693.712358
0.633031 2690.642063
0.636173 2687.714813
0.639314 2684.923120
0.642456 2682.256854
0.645597 2679.709362
0.648739 2677.270669
0.651880 2674.933976
0.655022 2672.689443
0.658164 2670.529474
0.661305 2668.446364
0.664447 2666.430435
0.667588 2664.474619
0.670730 2662.569318
0.673872 2660.706808
0.677013 2658.879311
0.680155 2657.077309
0.683296 2655.293599
0.686438 2653.518693
0.689580 2651.744805
0.692721 2649.964149
0.695863 2648.167237
0.699004 2646.346864
0.702146 2644.493516
0.705288 2642.599413
0.708429 2640.656827
0.711571 2638.656212
0.714712 2636.594746
0.717854 2634.474715
0.720996 2632.301183
0.724137 2630.079284
0.727279 2627.812018
0.730420 2625.505243
0.733562 2623.161908
0.736703 2620.787919
0.739845 2618.386180
0.742987 2615.961861
0.746128 2613.520159
0.749270 2611.063936
0.752411 2608.599170
0.755553 2606.128708
0.758695 2603.657752
0.761836 2601.191503
0.764978 2598.732807
0.768119 2596.287645
0.771261 2593.858876
0.774403 2591.451699
0.777544 2589.071284
0.780686 2586.720532
0.783827 2584.405355
0.786969 2582.128694
0.790111 2579.895711
0.793252 2577.711511
0.796394 2575.579119
0.799535 2573.504308
0.802677 2571.490172
0.805819 2569.541800
0.808960 2567.664195
0.812102 2565.860578
0.815243 2564.136513
0.818385 2562.495318
0.821526 2560.942452
0.824668 2559.481344
0.827810 2558.116919
0.830951 2556.853215
0.834093 2555.687736
0.837234 2554.617255
0.840376 2553.637117
0.843518 2552.743697
0.846659 2551.933265
0.849801 2551.201327
0.852942 2550.544375
0.856084 2549.958014
0.859226 2549.438488
0.862367 2548.981954
0.865509 2548.584145
0.868650 2548.241340
0.871792 2547.949345
0.874934 2547.704298
0.878075 2547.502281
0.881217 2547.339188
0.884358 2547.211149
0.887500 2547.114105
0.890642 2547.044125
0.893783 2546.997243
0.896925 2546.969454
0.900066 2546.956798
0.903208 2546.955293
0.906349 2546.960965
0.909491 2546.969840
0.912633 2546.977940
0.915774 2546.981287
0.918916 2546.975908
0.922057 2546.957831
0.925199 2546.923067
0.928341 2546.867644
0.931482 2546.787613
0.934624 2546.678946
0.937765 2546.537739
0.940907 2546.359925
0.944049 2546.141565
0.947190 2545.878825
0.950332 2545.570139
0.953473 2545.217914
0.956615 2544.824415
0.959757 2544.392237
0.962898 2543.924026
0.966040 2543.421973
0.969181 2542.888886
0.972323 2542.326915
0.975465 2541.738715
0.978606 2541.126975
0.981748 2540.493795
0.984889 2539.842066
0.988031 2539.173863
0.991172 2538.492101
0.994314 2537.798833
0.997456 2537.096766
1.000597 2536.388616
1.003739 2535.676422
1.006880 2534.963125
1.010022 2534.250761
1.013164 2533.542047
1.016305 2532.839696
1.019447 2532.145750
1.022588 2531.463140
1.025730 2530.793919
1.028872 2530.140799
1.032013 2529.506467
1.035155 2528.893010
1.038296 2528.303306
1.041438 2527.739469
1.044580 2527.204182
1.047721 2526.700090
1.050863 2526.229361
1.054004 2525.794783
1.057146 2525.398571
1.060288 2525.043357
1.063429 2524.731724
1.066571 2524.465408
1.069712 2524.243590
1.072854 2524.064181
1.075995 2523.925348
1.079137 2523.825055
1.082279 2523.761405
1.085420 2523.732453
1.088562 2523.736233
1.091703 2523.770795
1.094845 2523.834214
1.097987 2523.924535
1.101128 2524.039769
1.104270 2524.178043
1.107411 2524.337321
1.110553 2524.515757
1.113695 2524.711354
1.116836 2524.922096
1.119978 2525.146169
1.123119 2525.381484
1.126261 2525.626241
1.129403 2525.878421
1.132544 2526.135991
1.135686 2526.397169
1.138827 2526.659840
1.141969 2526.922225
1.145111 2527.182291
1.148252 2527.438011
1.151394 2527.687598
1.154535 2527.928947
1.157677 2528.160264
1.160818 2528.379455
1.163960 2528.584712
1.167102 2528.774014
1.170243 2528.945362
1.173385 2529.096917
1.176526 2529.226635
1.179668 2529.332652
1.182810 2529.413039
1.185951 2529.467783
1.189093 2529.499037
1.192234 2529.509011
1.195376 2529.499943
1.198518 2529.474059
1.201659 2529.433606
1.204801 2529.380789
1.207942 2529.317873
1.211084 2529.247049
1.214226 2529.170567
1.217367 2529.090686
1.220509 2529.009586
1.223650 2528.929549
1.226792 2528.852756
1.229934 2528.781465
1.233075 2528.717926
1.236217 2528.664330
1.239358 2528.622942
1.242500 2528.595968
1.245641 2528.585654
1.248783 2528.594226
1.251925 2528.623922
1.255066 2528.676953
1.258208 2528.755584
1.261349 2528.861996
1.264491 2528.998488
1.267633 2529.167263
1.270774 2529.370483
1.273916 2529.610507
1.277057 2529.889415
1.280199 2530.209615
1.283341 2530.573256
1.286482 2530.982433
1.289624 2531.439638
1.292765 2531.946811
1.295907 2532.506506
1.299049 2533.120801
