0.003142 49563.850712
0.006283 47653.107623
0.009425 45803.396981
0.012566 44014.753840
0.015708 42284.896458
0.018850 40613.260710
0.021991 38999.208355
0.025133 37440.568822
0.028274 35937.191884
0.031416 34486.977443
0.034558 33089.269642
0.037699 31743.345786
0.040841 30447.206031
0.043982 29200.533062
0.047124 28001.390232
0.050265 26849.398483
0.053407 25742.681456
0.056549 24680.470151
0.059690 23661.938915
0.062832 22685.296366
0.065973 21750.021819
0.069115 20854.376906
0.072257 19997.522722
0.075398 19178.570982
0.078540 18395.857386
0.081681 17648.737805
0.084823 16935.593677
0.087965 16255.525284
0.091106 15607.590805
0.094248 14990.234834
0.097389 14402.707983
0.100531 13843.493310
0.103673 13311.639380
0.106814 12806.159926
0.109956 12325.590249
0.113097 11869.093893
0.116239 11435.237347
0.119381 11023.026550
0.122522 10631.439885
0.125664 10259.085173
0.128805 9905.057075
0.131947 9568.031790
0.135088 9247.543690
0.138230 8942.937342
0.141372 8653.868238
0.144513 8379.972089
0.147655 8120.625480
0.150796 7875.544669
0.153938 7644.124589
0.157080 7425.996365
0.160221 7220.774203
0.163363 7027.878416
0.166504 6846.982963
0.169646 6677.523645
0.172788 6519.110798
0.175929 6371.340692
0.179071 6233.670222
0.182212 6105.738196
0.185354 5987.014137
0.188496 5877.091162
0.191637 5775.551182
0.194779 5681.880526
0.197920 5595.689995
0.201062 5516.475692
0.204204 5443.817085
0.207345 5377.285298
0.210487 5316.388952
0.213628 5260.717985
0.216770 5209.787933
0.219911 5163.182391
0.223053 5120.422667
0.226195 5081.075127
0.229336 5044.701792
0.232478 5010.830488
0.235619 4979.033949
0.238761 4948.842914
0.241903 4919.818676
0.245044 4891.521043
0.248186 4863.482982
0.251327 4835.273515
0.254469 4806.425665
0.257611 4776.507372
0.260752 4745.322170
0.263894 4712.907534
0.267035 4679.355481
0.270177 4644.716061
0.273319 4609.071210
0.276460 4572.504145
0.279602 4535.062995
0.282743 4496.842977
0.285885 4457.891168
0.289027 4418.291049
0.292168 4378.126922
0.295310 4337.444629
0.298451 4296.341448
0.301593 4254.862621
0.304734 4213.105936
0.307876 4171.116218
0.311018 4128.978151
0.314159 4086.776610
0.317301 4044.556136
0.320442 4002.414989
0.323584 3960.397749
0.326726 3918.589280
0.329867 3877.074180
0.333009 3835.897429
0.336150 3795.156622
0.339292 3754.897230
0.342434 3715.203729
0.345575 3676.159874
0.348717 3637.812217
0.351858 3600.256552
0.355000 3563.540379
0.358142 3527.747217
0.361283 3492.959408
0.364425 3459.226215
0.367566 3426.640495
0.370708 3395.252912
0.373850 3365.145459
0.376991 3336.398499
0.380133 3309.065141
0.383274 3283.234046
0.386416 3258.927048
0.389557 3236.120382
0.392699 3214.749151
0.395841 3194.770462
0.398982 3176.139649
0.402124 3158.794474
0.405265 3142.695625
0.408407 3127.782474
0.411549 3114.009954
0.414690 3101.331544
0.417832 3089.688796
0.420973 3079.038768
0.424115 3069.324302
0.427257 3060.498556
0.430398 3052.513554
0.433540 3045.313838
0.436681 3038.853635
0.439823 3033.078458
0.442965 3027.940090
0.446106 3023.389502
0.449248 3019.373421
0.452389 3015.844050
0.455531 3012.748766
0.458673 3010.038380
0.461814 3007.663210
0.464956 3005.571369
0.468097 3003.713834
0.471239 3002.039049
0.474380 3000.497723
0.477522 2999.038502
0.480664 2997.611505
0.483805 2996.166812
0.486947 2994.653128
0.490088 2993.021063
0.493230 2991.219201
0.496372 2989.197652
0.499513 2986.906806
0.502655 2984.294828
0.505796 2981.313027
0.508938 2977.909130
0.512080 2974.042549
0.515221 2969.720168
0.518363 2964.960041
0.521504 2959.786003
0.524646 2954.215574
0.527788 2948.271157
0.530929 2941.975629
0.534071 2935.345798
0.537212 2928.406688
0.540354 2921.174696
0.543496 2913.672803
0.546637 2905.924332
0.549779 2897.945166
0.552920 2889.761188
0.556062 2881.388002
0.559203 2872.851744
0.562345 2864.167792
0.565487 2855.359660
0.568628 2846.451018
0.571770 2837.457008
0.574911 2828.404160
0.578053 2819.307525
0.581195 2810.190797
0.584336 2801.077694
0.587478 2791.983229
0.590619 2782.933995
0.593761 2773.945047
0.596903 2765.040092
0.600044 2756.242732
0.603186 2747.568181
0.606327 2739.042765
0.609469 2730.681872
0.612611 2722.509059
0.615752 2714.547646
0.618894 2706.813379
0.622035 2699.331985
0.625177 2692.119517
0.628319 2685.199216
0.631460 2678.593954
0.634602 2672.320339
0.637743 2666.401811
0.640885 2660.836354
0.644026 2655.616890
0.647168 2650.729215
0.650310 2646.164161
0.653451 2641.912151
0.656593 2637.959598
0.659734 2634.298142
0.662876 2630.914571
0.666018 2627.799213
0.669159 2624.942056
0.672301 2622.330400
0.675442 2619.955031
0.678584 2617.803557
0.681726 2615.865889
0.684867 2614.131663
0.688009 2612.588897
0.691150 2611.227695
0.694292 2610.036312
0.697434 2609.004326
0.700575 2608.121112
0.703717 2607.375228
0.706858 2606.756274
0.710000 2606.252974
0.713142 2605.854664
0.716283 2605.550541
0.719425 2605.329534
0.722566 2605.180906
0.725708 2605.093683
0.728849 2605.057045
0.731991 2605.060089
0.735133 2605.091951
0.738274 2605.141729
0.741416 2605.198577
0.744557 2605.251581
0.747699 2605.289895
0.750841 2605.302619
0.753982 2605.278884
0.757124 2605.207794
0.760265 2605.078519
0.763407 2604.880197
0.766549 2604.606927
0.769690 2604.259839
0.772832 2603.840256
0.775973 2603.349983
0.779115 2602.790253
0.782257 2602.162751
0.785398 2601.469251
0.788540 2600.710854
0.791681 2599.889583
0.794823 2599.006457
0.797965 2598.063270
0.801106 2597.061893
0.804248 2596.003229
0.807389 2594.889494
0.810531 2593.721520
0.813672 2592.501593
0.816814 2591.230476
0.819956 2589.910093
0.823097 2588.542429
0.826239 2587.128154
0.829380 2585.669711
0.832522 2584.167712
0.835664 2582.624157
0.838805 2581.041098
0.841947 2579.419070
0.845088 2577.760645
0.848230 2576.066311
0.851372 2574.338131
0.854513 2572.578213
0.857655 2570.786978
0.860796 2568.967108
0.863938 2567.118985
0.867080 2565.244728
0.870221 2563.346485
0.873363 2561.424591
0.876504 2559.481809
0.879646 2557.518446
0.882788 2555.536657
0.885929 2553.538625
0.889071 2551.524619
0.892212 2549.498256
0.895354 2547.463008
0.898495 2545.425388
0.901637 2543.389321
0.904779 2541.360677
0.907920 2539.345318
0.911062 2537.347183
0.914203 2535.372761
0.917345 2533.426018
0.920487 2531.512808
0.923628 2529.638943
0.926770 2527.808453
0.929911 2526.027720
0.933053 2524.300833
0.936195 2522.633589
0.939336 2521.031710
0.942478 2519.499396
0.945619 2518.042844
0.948761 2516.666345
0.951903 2515.375599
0.955044 2514.176196
0.958186 2513.072592
0.961327 2512.070710
0.964469 2511.175132
0.967611 2510.391417
0.970752 2509.724980
0.973894 2509.180618
0.977035 2508.763897
0.980177 2508.479773
0.983319 2508.333620
0.986460 2508.330641
0.989602 2508.476053
0.992743 2508.774984
0.995885 2509.232845
0.999026 2509.854564
1.002168 2510.645757
1.005310 2511.611476
1.008451 2512.756549
1.011593 2514.086928
1.014734 2515.606984
1.017876 2517.320890
1.021018 2519.217337
1.024159 2521.278797
1.027301 2523.489719
1.030442 2525.831836
1.033584 2528.289777
1.036726 2530.845946
1.039867 2533.482624
1.043009 2536.184624
1.046150 2538.933370
1.049292 2541.713747
1.052434 2544.508017
1.055575 2547.298426
1.058717 2550.069886
1.061858 2552.803774
1.065000 2555.484967
1.068142 2558.095720
1.071283 2560.618374
1.074425 2563.037672
1.077566 2565.335217
1.080708 2567.495607
1.083849 2569.500609
1.086991 2571.334635
1.090133 2572.980152
1.093274 2574.419867
1.096416 2575.637833
1.099557 2576.616417
1.102699 2577.339376
1.105841 2577.789492
1.108982 2577.949893
1.112124 2577.803815
1.115265 2577.334494
1.118407 2576.524767
1.121549 2575.357862
1.124690 2573.817461
1.127832 2571.885719
1.130973 2569.547008
1.134115 2566.782975
1.137257 2563.577429
1.140398 2559.914741
1.143540 2555.777496
1.146681 2551.186616
1.149823 2546.187113
1.152965 2540.829359
1.156106 2535.164182
1.159248 2529.236940
1.162389 2523.100355
1.165531 2516.799484
1.168672 2510.387284
1.171814 2503.908641
1.174956 2497.414559
1.178097 2490.956065
1.181239 2484.578013
1.184380 2478.333408
1.187522 2472.267243
1.190664 2466.430508
1.193805 2460.873902
1.196947 2455.642856
1.200088 2450.789643
1.203230 2446.360143
1.206372 2442.404941
1.209513 2438.974021
1.212655 2436.114167
1.215796 2433.876144
1.218938 2432.307495
1.222080 2431.458013
1.225221 2431.376577
1.228363 2432.112102
1.231504 2433.713066
1.234646 2436.229455
1.237788 2439.709880
1.240929 2444.201724
1.244071 2449.756815
1.247212 2456.420562
1.250354 2464.246177
1.253495 2473.277622
1.256637 2483.569617
1.259779 2495.168461
1.262920 2508.118790
1.266062 2522.477816
1.269203 2538.284053
1.272345 2555.468825
1.275487 2573.717794
1.278628 2592.690724
1.281770 2612.065669
1.284911 2631.496411
1.288053 2650.661297
1.291195 2669.220016
1.294336 2686.833031
1.297478 2703.177530
1.300619 2717.909226
1.303761 2730.703471
1.306903 2741.221186
1.310044 2749.126191
1.313186 2754.089492
1.316327 2755.774044
1.319469 2753.846896
1.322611 2747.972854
1.325752 2737.821752
1.328894 2723.053101
1.332035 2703.342416
1.335177 2678.343120
1.338318 2647.737241
1.341460 2611.171264
1.344602 2568.319908
1.347743 2518.865889
1.350885 2462.443692
1.354026 2398.755348
1.357168 2327.426276
1.360310 2248.141460
1.363451 2160.596012
1.366593 2064.400161
1.369734 1959.281255
1.372876 1844.838334
1.376018 1720.769306
1.379159 1586.784333
1.382301 1442.464075
1.385442 1287.566513
1.388584 1121.658989
1.391726 944.454995
1.394867 755.682402
