0.003142 51518.035314
0.006283 49183.332558
0.009425 46940.742018
0.012566 44789.586650
0.015708 42726.391298
0.018850 40749.749169
0.021991 38858.143291
0.025133 37048.263773
0.028274 35319.158134
0.031416 33667.619955
0.034558 32092.106399
0.037699 30590.977852
0.040841 29161.173058
0.043982 27801.497603
0.047124 26508.980298
0.050265 25282.339343
0.053407 24118.688257
0.056549 23016.321888
0.059690 21973.457071
0.062832 20987.324343
0.065973 20056.446877
0.069115 19178.126519
0.072257 18350.562277
0.075398 17571.888553
0.078540 16839.504103
0.081681 16151.770582
0.084823 15506.144653
0.087965 14900.746241
0.091106 14333.644064
0.094248 13802.371595
0.097389 13305.162473
0.100531 12839.594675
0.103673 12403.725795
0.106814 11995.575619
0.109956 11612.778832
0.113097 11253.474563
0.116239 10915.328599
0.119381 10596.352952
0.122522 10294.535232
0.125664 10007.577830
0.128805 9733.558869
0.131947 9470.318342
0.135088 9217.165696
0.138230 8973.699011
0.141372 8739.766013
0.144513 8515.202292
0.147655 8299.630471
0.150796 8092.953483
0.153938 7894.805339
0.157080 7705.018784
0.160221 7523.415916
0.163363 7349.646714
0.166504 7183.587501
0.169646 7024.898152
0.172788 6873.398292
0.175929 6728.898395
0.179071 6591.072064
0.182212 6459.772744
0.185354 6334.682442
0.188496 6215.609530
0.191637 6102.354722
0.194779 5994.611515
0.197920 5892.214205
0.201062 5794.863203
0.204204 5702.357492
0.207345 5614.489891
0.210487 5530.970060
0.213628 5451.616878
0.216770 5376.145428
0.219911 5304.369463
0.223053 5236.008894
0.226195 5170.852693
0.229336 5108.685756
0.232478 5049.234111
0.235619 4992.301313
0.238761 4937.616725
0.241903 4884.964406
0.245044 4834.125832
0.248186 4784.834245
0.251327 4736.886732
0.254469 4690.018377
0.257611 4644.013811
0.260752 4598.760585
0.263894 4554.220359
0.267035 4510.418214
0.270177 4467.322987
0.273319 4424.945465
0.276460 4383.295521
0.279602 4342.343364
0.282743 4302.111789
0.285885 4262.571908
0.289027 4223.733368
0.292168 4185.604924
0.295310 4148.159027
0.298451 4111.416241
0.301593 4075.349897
0.304734 4039.979684
0.307876 4005.279806
0.311018 3971.258361
0.314159 3937.922581
0.317301 3905.247968
0.320442 3873.252050
0.323584 3841.911180
0.326726 3811.232379
0.329867 3781.221824
0.333009 3751.857133
0.336150 3723.153727
0.339292 3695.090058
0.342434 3667.672093
0.345575 3640.904981
0.348717 3614.768404
0.351858 3589.275729
0.355000 3564.407452
0.358142 3540.168516
0.361283 3516.563064
0.364425 3493.572793
0.367566 3471.209068
0.370708 3449.454374
0.373850 3428.312659
0.376991 3407.787086
0.380133 3387.861314
0.383274 3368.544744
0.386416 3349.818746
0.389557 3331.681758
0.392699 3314.107716
0.395841 3297.087969
0.398982 3280.613158
0.402124 3264.658280
0.405265 3249.218982
0.408407 3234.270918
0.411549 3219.804566
0.414690 3205.809790
0.417832 3192.263165
0.420973 3179.158806
0.424115 3166.473853
0.427257 3154.198030
0.430398 3142.320539
0.433540 3130.819301
0.436681 3119.687130
0.439823 3108.902424
0.442965 3098.454264
0.446106 3088.331306
0.449248 3078.512589
0.452389 3068.989856
0.455531 3059.742528
0.458673 3050.759165
0.461814 3042.027990
0.464956 3033.528929
0.468097 3025.252883
0.471239 3017.180069
0.474380 3009.301116
0.477522 3001.596493
0.480664 2994.054221
0.483805 2986.662111
0.486947 2979.400944
0.490088 2972.260832
0.493230 2965.222714
0.496372 2958.274365
0.499513 2951.403441
0.502655 2944.591055
0.505796 2937.827033
0.508938 2931.092555
0.512080 2924.377343
0.515221 2917.682043
0.518363 2911.004496
0.521504 2904.351060
0.524646 2897.719605
0.527788 2891.114362
0.530929 2884.539527
0.534071 2877.993021
0.537212 2871.481118
0.540354 2865.001778
0.543496 2858.559188
0.546637 2852.157489
0.549779 2845.794711
0.552920 2839.477011
0.556062 2833.202473
0.559203 2826.977199
0.562345 2820.799331
0.565487 2814.672968
0.568628 2808.602141
0.571770 2802.585093
0.574911 2796.627760
0.578053 2790.728456
0.581195 2784.891195
0.584336 2779.119912
0.587478 2773.413040
0.590619 2767.776319
0.593761 2762.208265
0.596903 2756.712794
0.600044 2751.293726
0.603186 2745.949718
0.606327 2740.686278
0.609469 2735.502162
0.612611 2730.401168
0.615752 2725.386985
0.618894 2720.458527
0.622035 2715.621040
0.625177 2710.873550
0.628319 2706.219719
0.631460 2701.663091
0.634602 2697.202872
0.637743 2692.843878
0.640885 2688.583626
0.644026 2684.423943
0.647168 2680.361270
0.650310 2676.396036
0.653451 2672.528547
0.656593 2668.755431
0.659734 2665.078180
0.662876 2661.493542
0.666018 2658.001792
0.669159 2654.603087
0.672301 2651.294355
0.675442 2648.076790
0.678584 2644.947434
0.681726 2641.906415
0.684867 2638.953750
0.688009 2636.086648
0.691150 2633.306025
0.694292 2630.609199
0.697434 2627.996160
0.700575 2625.466789
0.703717 2623.018565
0.706858 2620.652138
0.710000 2618.365090
0.713142 2616.157277
0.716283 2614.028455
0.719425 2611.976357
0.722566 2610.001381
0.725708 2608.101358
0.728849 2606.276589
0.731991 2604.525001
0.735133 2602.846277
0.738274 2601.240006
0.741416 2599.704257
0.744557 2598.239095
0.747699 2596.842680
0.750841 2595.514577
0.753982 2594.254267
0.757124 2593.060037
0.760265 2591.931739
0.763407 2590.867720
0.766549 2589.866279
0.769690 2588.924011
0.772832 2588.036497
0.775973 2587.200482
0.779115 2586.411614
0.782257 2585.666346
0.785398 2584.961076
0.788540 2584.291533
0.791681 2583.654327
0.794823 2583.045230
0.797965 2582.460629
0.801106 2581.896881
0.804248 2581.349805
0.807389 2580.815931
0.810531 2580.291100
0.813672 2579.771826
0.816814 2579.253959
0.819956 2578.733844
0.823097 2578.207828
0.826239 2577.671757
0.829380 2577.122152
0.832522 2576.554844
0.835664 2575.966185
0.838805 2575.352552
0.841947 2574.709735
0.845088 2574.034324
0.848230 2573.322070
0.851372 2572.569360
0.854513 2571.772635
0.857655 2570.927567
0.860796 2570.030875
0.863938 2569.078169
0.867080 2568.065903
0.870221 2566.990611
0.873363 2565.847786
0.876504 2564.634338
0.879646 2563.345674
0.882788 2561.978348
0.885929 2560.529013
0.889071 2558.992927
0.892212 2557.369836
0.895354 2555.665358
0.898495 2553.888727
0.901637 2552.046965
0.904779 2550.148780
0.907920 2548.202952
0.911062 2546.216396
0.914203 2544.198525
0.917345 2542.156206
0.920487 2540.098231
0.923628 2538.033412
0.926770 2535.968588
0.929911 2533.913220
0.933053 2531.874154
0.936195 2529.860198
0.939336 2527.880133
0.942478 2525.940850
0.945619 2524.051731
0.948761 2522.219726
0.951903 2520.453600
0.955044 2518.762033
0.958186 2517.152100
0.961327 2515.632974
0.964469 2514.211841
0.967611 2512.897353
0.970752 2511.698028
0.973894 2510.621255
0.977035 2509.675867
0.980177 2508.869415
0.983319 2508.210376
0.986460 2507.707038
0.989602 2507.367233
0.992743 2507.199328
0.995885 2507.211366
0.999026 2507.411490
1.002168 2507.807978
1.005310 2508.408953
1.008451 2509.222274
1.011593 2510.256612
1.014734 2511.519458
1.017876 2513.017330
1.021018 2514.738575
1.024159 2516.664017
1.027301 2518.776329
1.030442 2521.055620
1.033584 2523.484787
1.036726 2526.044571
1.039867 2528.715548
1.043009 2531.480865
1.046150 2534.320214
1.049292 2537.216850
1.052434 2540.151321
1.055575 2543.104128
1.058717 2546.058596
1.061858 2548.994298
1.065000 2551.894551
1.068142 2554.739856
1.071283 2557.510787
1.074425 2560.190554
1.077566 2562.758905
1.080708 2565.198921
1.083849 2567.490504
1.086991 2569.616558
1.090133 2571.557771
1.093274 2573.295065
1.096416 2574.810992
1.099557 2576.086042
1.102699 2577.102472
1.105841 2577.841278
1.108982 2578.283810
1.112124 2578.411795
1.115265 2578.206607
1.118407 2577.649560
1.121549 2576.722107
1.124690 2575.406172
1.127832 2573.682363
1.130973 2571.533231
1.134115 2568.938854
1.137257 2565.881289
1.140398 2562.343182
1.143540 2558.305585
1.146681 2553.789194
1.149823 2548.840197
1.152965 2543.510110
1.156106 2537.850936
1.159248 2531.909209
1.162389 2525.738830
1.165531 2519.386009
1.168672 2512.904906
1.171814 2506.341536
1.174956 2499.748094
1.178097 2493.176818
1.181239 2486.673662
1.184380 2480.292883
1.187522 2474.080558
1.190664 2468.088892
1.193805 2462.369809
1.196947 2456.969808
1.200088 2451.942443
1.203230 2447.334653
1.206372 2443.198252
1.209513 2439.584454
1.212655 2436.541098
1.215796 2434.120239
1.218938 2432.370473
1.222080 2431.342827
1.225221 2431.087405
1.228363 2431.654184
1.231504 2433.092920
1.234646 2435.454670
1.237788 2438.789268
1.240929 2443.145312
1.244071 2448.575716
1.247212 2455.127139
1.250354 2462.853893
1.253495 2471.801177
1.256637 2482.024828
1.259779 2493.572346
1.262920 2506.489547
1.266062 2520.834795
1.269203 2536.647775
1.272345 2553.860049
1.275487 2572.155821
1.278628 2591.193189
1.281770 2610.648609
1.284911 2630.174172
1.288053 2649.446645
1.291195 2668.124048
1.294336 2685.865163
1.297478 2702.345617
1.300619 2717.219398
1.303761 2730.160307
1.306903 2740.827582
1.310044 2748.883352
1.313186 2753.997080
1.316327 2755.829986
1.319469 2754.047571
1.322611 2748.312956
1.325752 2738.294291
1.328894 2723.649531
1.332035 2704.052474
1.335177 2679.154973
1.338318 2648.637354
1.341460 2612.144516
1.344602 2569.349507
1.347743 2519.933395
1.350885 2463.529047
1.354026 2399.836844
1.357168 2328.480562
1.360310 2249.143542
1.363451 2161.519285
1.366593 2065.216329
1.369734 1959.960451
1.372876 1845.348963
1.376018 1721.078172
1.379159 1586.856679
1.382301 1442.263354
1.385442 1287.054711
1.388584 1120.796256
1.391726 943.199931
1.394867 753.992112
