0.004712 50971.128029
0.007854 48703.199076
0.010996 46524.875015
0.014137 44434.741888
0.017279 42429.403687
0.020420 40508.072626
0.023562 38667.460180
0.026704 36906.125525
0.029845 35222.526916
0.032987 33613.527202
0.036128 32078.086313
0.039270 30613.161436
0.042412 29217.187247
0.045553 27888.510648
0.048695 26624.220482
0.051836 25423.057257
0.054978 24282.191010
0.058119 23200.283684
0.061261 22174.581250
0.064403 21203.371692
0.067544 20284.873624
0.070686 19416.437066
0.073827 18596.550551
0.076969 17822.626889
0.080111 17092.868999
0.083252 16405.423580
0.086394 15757.787772
0.089535 15148.309560
0.092677 14574.535729
0.095819 14034.600568
0.098960 13526.595290
0.102102 13048.131293
0.105243 12597.448876
0.108385 12172.195937
0.111527 11770.454565
0.114668 11390.276921
0.117810 11029.355794
0.120951 10685.856665
0.124093 10357.541563
0.127235 10043.362598
0.130376 9743.016929
0.133518 9455.943636
0.136659 9181.955927
0.139801 8920.509663
0.142942 8671.401741
0.146084 8434.103863
0.149226 8208.327490
0.152367 7993.769419
0.155509 7789.923351
0.158650 7596.549517
0.161792 7413.155110
0.164934 7239.433551
0.168075 7075.065952
0.171217 6919.577971
0.174358 6772.699061
0.177500 6633.966016
0.180642 6503.057163
0.183783 6379.640869
0.186925 6263.268870
0.190066 6153.645716
0.193208 6050.331927
0.196350 5952.993672
0.199491 5861.289518
0.202633 5774.791391
0.205774 5693.184828
0.208916 5616.048186
0.212058 5543.038423
0.215199 5473.807242
0.218341 5407.940881
0.221482 5345.111742
0.224624 5284.910140
0.227765 5227.004872
0.230907 5170.989386
0.234049 5116.512683
0.237190 5063.221803
0.240332 5010.713182
0.243473 4958.733777
0.246615 4907.217282
0.249757 4856.195276
0.252898 4805.698706
0.256040 4755.710369
0.259181 4706.277029
0.262323 4657.382159
0.265465 4609.056538
0.268606 4561.330220
0.271748 4514.187765
0.274889 4467.674127
0.278031 4421.774637
0.281173 4376.519157
0.284314 4331.936728
0.287456 4288.013913
0.290597 4244.793614
0.293739 4202.263260
0.296881 4160.451677
0.300022 4119.386774
0.303164 4079.057354
0.306305 4039.504031
0.309447 4000.716570
0.312588 3962.734605
0.315730 3925.548901
0.318872 3889.186631
0.322013 3853.673921
0.325155 3819.003109
0.328296 3785.211207
0.331438 3752.291649
0.334580 3720.270286
0.337721 3689.171827
0.340863 3658.991419
0.344004 3629.763218
0.347146 3601.483562
0.350288 3574.176862
0.353429 3547.866290
0.356571 3522.550043
0.359712 3498.257201
0.362854 3474.959535
0.365996 3452.634178
0.369137 3431.256659
0.372279 3410.782241
0.375420 3391.192846
0.378562 3372.444878
0.381704 3354.513579
0.384845 3337.373153
0.387987 3320.981561
0.391128 3305.318127
0.394270 3290.341753
0.397411 3276.030863
0.400553 3262.345219
0.403695 3249.258349
0.406836 3236.743019
0.409978 3224.760137
0.413119 3213.286218
0.416261 3202.282833
0.419403 3191.722583
0.422544 3181.577501
0.425686 3171.810006
0.428827 3162.395203
0.431969 3153.295974
0.435111 3144.484238
0.438252 3135.931549
0.441394 3127.601337
0.444535 3119.467794
0.447677 3111.494617
0.450819 3103.653293
0.453960 3095.915141
0.457102 3088.244109
0.460243 3080.613970
0.463385 3072.988741
0.466527 3065.339725
0.469668 3057.638253
0.472810 3049.848297
0.475951 3041.943748
0.479093 3033.899901
0.482234 3025.728997
0.485376 3017.436798
0.488518 3009.036852
0.491659 3000.542846
0.494801 2991.960335
0.497942 2983.305742
0.501084 2974.584521
0.504226 2965.810384
0.507367 2956.997109
0.510509 2948.150050
0.513650 2939.285797
0.516792 2930.409670
0.519934 2921.535458
0.523075 2912.676944
0.526217 2903.839452
0.529358 2895.039567
0.532500 2886.282652
0.535642 2877.582480
0.538783 2868.952756
0.541925 2860.398948
0.545066 2851.937461
0.548208 2843.573872
0.551350 2835.321857
0.554491 2827.194951
0.557633 2819.198943
0.560774 2811.349882
0.563916 2803.653736
0.567057 2796.126364
0.570199 2788.773936
0.573341 2781.609843
0.576482 2774.647238
0.579624 2767.892651
0.582765 2761.361342
0.585907 2755.060116
0.589049 2749.002056
0.592190 2743.199935
0.595332 2737.659735
0.598473 2732.382560
0.601615 2727.355999
0.604757 2722.572649
0.607898 2718.024798
0.611040 2713.700430
0.614181 2709.593181
0.617323 2705.691315
0.620465 2701.987051
0.623606 2698.472356
0.626748 2695.135870
0.629889 2691.970602
0.633031 2688.965414
0.636173 2686.112219
0.639314 2683.402734
0.642456 2680.826113
0.645597 2678.374880
0.648739 2676.038353
0.651880 2673.808902
0.655022 2671.675988
0.658164 2669.631214
0.661305 2667.666071
0.664447 2665.770187
0.667588 2663.935651
0.670730 2662.152176
0.673872 2660.411231
0.677013 2658.704232
0.680155 2657.020973
0.683296 2655.353407
0.686438 2653.691352
0.689580 2652.026219
0.692721 2650.349420
0.695863 2648.650768
0.699004 2646.922227
0.702146 2645.153575
0.705288 2643.336235
0.708429 2641.461691
0.711571 2639.519676
0.714712 2637.506958
0.717854 2635.426191
0.720996 2633.282834
0.724137 2631.082428
0.727279 2628.828399
0.730420 2626.527011
0.733562 2624.181627
0.736703 2621.798566
0.739845 2619.381140
0.742987 2616.934933
0.746128 2614.465564
0.749270 2611.976291
0.752411 2609.473524
0.755553 2606.960499
0.758695 2604.442842
0.761836 2601.926183
0.764978 2599.413749
0.768119 2596.911966
0.771261 2594.424071
0.774403 2591.955691
0.777544 2589.512432
0.780686 2587.097566
0.783827 2584.717457
0.786969 2582.375419
0.790111 2580.077046
0.793252 2577.827876
0.796394 2575.631306
0.799535 2573.493562
0.802677 2571.418110
0.805819 2569.410472
0.808960 2567.476082
0.812102 2565.618536
0.815243 2563.843846
0.818385 2562.155709
0.821526 2560.560027
0.824668 2559.060613
0.827810 2557.662821
0.830951 2556.371050
0.834093 2555.182734
0.837234 2554.094438
0.840376 2553.101267
0.843518 2552.199380
0.846659 2551.384819
0.849801 2550.652865
0.852942 2549.999783
0.856084 2549.420955
0.859226 2548.912399
0.862367 2548.470042
0.865509 2548.089400
0.868650 2547.766516
0.871792 2547.496982
0.874934 2547.276706
0.878075 2547.101536
0.881217 2546.967157
0.884358 2546.869454
0.887500 2546.804165
0.890642 2546.767121
0.893783 2546.754121
0.896925 2546.760955
0.900066 2546.783418
0.903208 2546.817323
0.906349 2546.858448
0.909491 2546.902616
0.912633 2546.945614
0.915774 2546.983226
0.918916 2547.011276
0.922057 2547.025545
0.925199 2547.021840
0.928341 2546.995951
0.931482 2546.943697
0.934624 2546.860842
0.937765 2546.743239
0.940907 2546.586611
0.944049 2546.386787
0.947190 2546.139704
0.950332 2545.843723
0.953473 2545.501357
0.956615 2545.115007
0.959757 2544.687396
0.962898 2544.221299
0.966040 2543.719037
0.969181 2543.183549
0.972323 2542.617113
0.975465 2542.022516
0.978606 2541.402577
0.981748 2540.759523
0.984889 2540.096381
0.988031 2539.415347
0.991172 2538.719475
0.994314 2538.010939
0.997456 2537.292581
1.000597 2536.567251
1.003739 2535.837108
1.006880 2535.105234
1.010022 2534.373784
1.013164 2533.645609
1.016305 2532.923560
1.019447 2532.209795
1.022588 2531.507388
1.025730 2530.818511
1.028872 2530.146008
1.032013 2529.492707
1.035155 2528.860809
1.038296 2528.253335
1.041438 2527.672519
1.044580 2527.121177
1.047721 2526.602090
1.050863 2526.117547
1.054004 2525.670474
1.057146 2525.263207
1.060288 2524.898514
1.063429 2524.579110
1.066571 2524.306827
1.069712 2524.080807
1.072854 2523.898870
1.075995 2523.759094
1.079137 2523.659351
1.082279 2523.597656
1.085420 2523.571972
1.088562 2523.580245
1.091703 2523.620432
1.094845 2523.690521
1.097987 2523.788467
1.101128 2523.912186
1.104270 2524.059721
1.107411 2524.228941
1.110553 2524.417914
1.113695 2524.624553
1.116836 2524.846745
1.119978 2525.082595
1.123119 2525.329915
1.126261 2525.586825
1.129403 2525.851209
1.132544 2526.120943
1.135686 2526.394160
1.138827 2526.668649
1.141969 2526.942548
1.145111 2527.213730
1.148252 2527.480074
1.151394 2527.739711
1.154535 2527.990438
1.157677 2528.230378
1.160818 2528.457341
1.163960 2528.669433
1.167102 2528.864541
1.170243 2529.040575
1.173385 2529.195609
1.176526 2529.327506
1.179668 2529.434314
1.182810 2529.514016
1.185951 2529.566609
1.189093 2529.594366
1.192234 2529.599626
1.195376 2529.584749
1.198518 2529.552087
1.201659 2529.504017
1.204801 2529.442866
1.207942 2529.371027
1.211084 2529.290814
1.214226 2529.204605
1.217367 2529.114788
1.220509 2529.023662
1.223650 2528.933642
1.226792 2528.847027
1.229934 2528.766206
1.233075 2528.693557
1.236217 2528.631392
1.239358 2528.582106
1.242500 2528.548026
1.245641 2528.531529
1.248783 2528.534963
1.251925 2528.560693
1.255066 2528.611057
1.258208 2528.688446
1.261349 2528.795165
1.264491 2528.933641
1.267633 2529.106201
1.270774 2529.315132
1.273916 2529.562924
1.277057 2529.851776
1.280199 2530.184228
1.283341 2530.562554
1.286482 2530.988968
1.289624 2531.466098
1.292765 2531.995998
1.295907 2532.581362
1.299049 2533.224388
