0.003142 50891.367709
0.006283 48694.176652
0.009425 46579.031796
0.012566 44545.486105
0.015708 42590.450575
0.018850 40712.790774
0.021991 38911.273771
0.025133 37182.958304
0.028274 35527.151107
0.031416 33941.003694
0.034558 32423.259946
0.037699 30972.576666
0.040841 29586.235980
0.043982 28263.326943
0.047124 27001.213039
0.050265 25798.904247
0.053407 24653.840845
0.056549 23564.620332
0.059690 22529.769122
0.062832 21546.834118
0.065973 20614.647592
0.069115 19730.821817
0.072257 18893.866868
0.075398 18102.233153
0.078540 17353.622441
0.081681 16646.717848
0.084823 15979.275093
0.087965 15349.731100
0.091106 14756.474546
0.094248 14197.333518
0.097389 13670.870524
0.100531 13174.956181
0.103673 12707.968534
0.106814 12268.248810
0.109956 11853.722857
0.113097 11462.861131
0.116239 11093.620589
0.119381 10744.334682
0.122522 10413.311455
0.125664 10098.545967
0.128805 9798.445176
0.131947 9511.119397
0.135088 9235.951576
0.138230 8972.458595
0.141372 8720.427030
0.144513 8479.628864
0.147655 8249.607917
0.150796 8030.207881
0.153938 7820.986200
0.157080 7621.711453
0.160221 7432.139556
0.163363 7251.846948
0.166504 7080.645665
0.169646 6918.123842
0.172788 6764.034471
0.175929 6618.119813
0.179071 6479.984101
0.182212 6349.412539
0.185354 6226.019133
0.188496 6109.543698
0.191637 5999.717245
0.194779 5896.166989
0.197920 5798.656116
0.201062 5706.819685
0.204204 5620.386744
0.207345 5539.079466
0.210487 5462.543223
0.213628 5390.524009
0.216770 5322.673111
0.219911 5258.730993
0.223053 5198.354087
0.226195 5141.260417
0.229336 5087.163829
0.232478 5035.727023
0.235619 4986.680016
0.238761 4939.688721
0.241903 4894.466182
0.245044 4850.723188
0.248186 4808.129034
0.251327 4766.408104
0.254469 4725.230980
0.257611 4684.313185
0.260752 4643.515237
0.263894 4602.822460
0.267035 4562.280789
0.270177 4521.884448
0.273319 4481.666412
0.276460 4441.659429
0.279602 4401.858065
0.282743 4362.307685
0.285885 4323.003146
0.289027 4283.977123
0.292168 4245.261937
0.295310 4206.852975
0.298451 4168.794718
0.301593 4131.082972
0.304734 4093.761772
0.307876 4056.827394
0.311018 4020.311825
0.314159 3984.246522
0.317301 3948.628559
0.320442 3913.500639
0.323584 3878.860434
0.326726 3844.739249
0.329867 3811.167731
0.333009 3778.144541
0.336150 3745.710732
0.339292 3713.865691
0.342434 3682.639881
0.345575 3652.062979
0.348717 3622.135554
0.351858 3592.896687
0.355000 3564.347800
0.358142 3536.518355
0.361283 3509.436900
0.364425 3483.106230
0.367566 3457.563136
0.370708 3432.811394
0.373850 3408.879305
0.376991 3385.794129
0.380133 3363.561204
0.383274 3342.214670
0.386416 3321.748545
0.389557 3302.154396
0.392699 3283.394106
0.395841 3265.448402
0.398982 3248.296973
0.402124 3231.903257
0.405265 3216.252059
0.408407 3201.307773
0.411549 3187.049849
0.414690 3173.456864
0.417832 3160.494522
0.420973 3148.145445
0.424115 3136.376127
0.427257 3125.164948
0.430398 3114.489576
0.433540 3104.317574
0.436681 3094.629786
0.439823 3085.394402
0.442965 3076.588933
0.446106 3068.190344
0.449248 3060.167647
0.452389 3052.500317
0.455531 3045.157831
0.458673 3038.117038
0.461814 3031.354401
0.464956 3024.839974
0.468097 3018.552271
0.471239 3012.461650
0.474380 3006.546356
0.477522 3000.776982
0.480664 2995.129789
0.483805 2989.580883
0.486947 2984.101091
0.490088 2978.668270
0.493230 2973.253319
0.496372 2967.832326
0.499513 2962.381387
0.502655 2956.871389
0.505796 2951.280209
0.508938 2945.578647
0.512080 2939.747020
0.515221 2933.787902
0.518363 2927.705398
0.521504 2921.511277
0.524646 2915.209501
0.527788 2908.809927
0.530929 2902.322539
0.534071 2895.751111
0.537212 2889.107724
0.540354 2882.396052
0.543496 2875.626103
0.546637 2868.807959
0.549779 2861.945184
0.552920 2855.050044
0.556062 2848.126052
0.559203 2841.185515
0.562345 2834.231917
0.565487 2827.275370
0.568628 2820.325990
0.571770 2813.387255
0.574911 2806.471481
0.578053 2799.582168
0.581195 2792.729426
0.584336 2785.923319
0.587478 2779.167417
0.590619 2772.473919
0.593761 2765.846467
0.596903 2759.295106
0.600044 2752.829785
0.603186 2746.454292
0.606327 2740.180583
0.609469 2734.012568
0.612611 2727.960164
0.615752 2722.033143
0.618894 2716.235635
0.622035 2710.579229
0.625177 2705.068226
0.628319 2699.712356
0.631460 2694.521148
0.634602 2689.499201
0.637743 2684.657100
0.640885 2679.992508
0.644026 2675.504493
0.647168 2671.186200
0.650310 2667.035087
0.653451 2663.048398
0.656593 2659.219598
0.659734 2655.547127
0.662876 2652.024650
0.666018 2648.649361
0.669159 2645.418267
0.672301 2642.325315
0.675442 2639.368476
0.678584 2636.541869
0.681726 2633.842460
0.684867 2631.267049
0.688009 2628.810000
0.691150 2626.468880
0.694292 2624.238201
0.697434 2622.114727
0.700575 2620.095086
0.703717 2618.173996
0.706858 2616.348682
0.710000 2614.613986
0.713142 2612.966503
0.716283 2611.402720
0.719425 2609.917645
0.722566 2608.508225
0.725708 2607.169566
0.728849 2605.898525
0.731991 2604.690293
0.735133 2603.541288
0.738274 2602.447850
0.741416 2601.405285
0.744557 2600.410261
0.747699 2599.458147
0.750841 2598.545268
0.753982 2597.667899
0.757124 2596.821484
0.760265 2596.002566
0.763407 2595.206639
0.766549 2594.430704
0.769690 2593.672759
0.772832 2592.930162
0.775973 2592.201226
0.779115 2591.483329
0.782257 2590.774543
0.785398 2590.072932
0.788540 2589.375887
0.791681 2588.681695
0.794823 2587.987753
0.797965 2587.292123
0.801106 2586.592868
0.804248 2585.887382
0.807389 2585.173957
0.810531 2584.449977
0.813672 2583.713745
0.816814 2582.962633
0.819956 2582.194712
0.823097 2581.408075
0.826239 2580.600063
0.829380 2579.769031
0.832522 2578.912289
0.835664 2578.027939
0.838805 2577.114115
0.841947 2576.168077
0.845088 2575.188267
0.848230 2574.171903
0.851372 2573.117129
0.854513 2572.022141
0.857655 2570.884082
0.860796 2569.701519
0.863938 2568.471536
0.867080 2567.192345
0.870221 2565.862217
0.873363 2564.478144
0.876504 2563.038849
0.879646 2561.541255
0.882788 2559.983653
0.885929 2558.364406
0.889071 2556.680326
0.892212 2554.932356
0.895354 2553.125450
0.898495 2551.267999
0.901637 2549.366067
0.904779 2547.427482
0.907920 2545.460122
0.911062 2543.469978
0.914203 2541.465560
0.917345 2539.452835
0.920487 2537.439686
0.923628 2535.433997
0.926770 2533.441735
0.929911 2531.471409
0.933053 2529.529011
0.936195 2527.622417
0.939336 2525.759459
0.942478 2523.946196
0.945619 2522.191025
0.948761 2520.500071
0.951903 2518.881150
0.955044 2517.341985
0.958186 2515.888840
0.961327 2514.529883
0.964469 2513.271492
0.967611 2512.121363
0.970752 2511.087051
0.973894 2510.175143
0.977035 2509.393462
0.980177 2508.748753
0.983319 2508.248533
0.986460 2507.900136
0.989602 2507.710583
0.992743 2507.687237
0.995885 2507.837328
0.999026 2508.168003
1.002168 2508.686715
1.005310 2509.400636
1.008451 2510.316687
1.011593 2511.442697
1.014734 2512.785190
1.017876 2514.349959
1.021018 2516.125457
1.024159 2518.093019
1.027301 2520.235866
1.030442 2522.534612
1.033584 2524.972689
1.036726 2527.531355
1.039867 2530.191711
1.043009 2532.937421
1.046150 2535.748714
1.049292 2538.609350
1.052434 2541.500407
1.055575 2544.402926
1.058717 2547.300724
1.061858 2550.173933
1.065000 2553.006353
1.068142 2555.779027
1.071283 2558.473077
1.074425 2561.072188
1.077566 2563.556681
1.080708 2565.910109
1.083849 2568.112950
1.086991 2570.148575
1.090133 2571.998223
1.093274 2573.643370
1.096416 2575.067031
1.099557 2576.250277
1.102699 2577.175832
1.105841 2577.825243
1.108982 2578.180410
1.112124 2578.223530
1.115265 2577.936551
1.118407 2577.301259
1.121549 2576.299658
1.124690 2574.914215
1.127832 2573.126018
1.130973 2570.918182
1.134115 2568.271270
1.137257 2565.167881
1.140398 2561.591196
1.143540 2557.522742
1.146681 2552.983285
1.149823 2548.018648
1.152965 2542.679995
1.156106 2537.018961
1.159248 2531.081720
1.162389 2524.921805
1.165531 2518.585071
1.168672 2512.125305
1.171814 2505.588171
1.174956 2499.025497
1.178097 2492.489144
1.181239 2486.024728
1.184380 2479.686116
1.187522 2473.519050
1.190664 2467.575360
1.193805 2461.906590
1.196947 2456.558907
1.200088 2451.585470
1.203230 2447.032888
1.206372 2442.952597
1.209513 2439.395429
1.212655 2436.408895
1.215796 2434.044653
1.218938 2432.350971
1.222080 2431.378495
1.225221 2431.176949
1.228363 2431.795981
1.231504 2433.284953
1.234646 2435.694588
1.237788 2439.074342
1.240929 2443.472438
1.244071 2448.941452
1.247212 2455.527658
1.250354 2463.285025
1.253495 2472.258370
1.256637 2482.503184
1.259779 2494.066595
1.262920 2506.994055
1.266062 2521.343570
1.269203 2537.154462
1.272345 2554.358219
1.275487 2572.639498
1.278628 2591.656913
1.281770 2611.087413
1.284911 2630.583614
1.288053 2649.822771
1.291195 2668.463423
1.294336 2686.164871
1.297478 2702.603226
1.300619 2717.433008
1.303761 2730.328502
1.306903 2740.949464
1.310044 2748.958549
1.313186 2754.025696
1.316327 2755.812664
1.319469 2753.985431
1.322611 2748.207641
1.325752 2738.147966
1.328894 2723.464842
1.332035 2703.832599
1.335177 2678.903576
1.338318 2648.358627
1.341460 2611.843141
1.344602 2569.030683
1.347743 2519.602833
1.350885 2463.192959
1.354026 2399.501950
1.357168 2328.154094
1.360310 2248.833239
1.363451 2161.233386
1.366593 2064.963596
1.369734 1959.750133
1.372876 1845.190843
1.376018 1720.982529
1.379159 1586.834277
1.382301 1442.325509
1.385442 1287.213194
1.388584 1121.063408
1.391726 943.588572
1.394867 754.515524
