0.004712 50800.161439
0.007854 48571.332229
0.010996 46429.057621
0.014137 44372.014021
0.017279 42396.926909
0.020420 40503.089616
0.023562 38687.331540
0.026704 36948.303114
0.029845 35284.557094
0.032987 33693.069389
0.036128 32172.889153
0.039270 30721.083709
0.042412 29336.182963
0.045553 28016.631654
0.048695 26759.624853
0.051836 25563.998806
0.054978 24427.027490
0.058119 23347.470745
0.061261 22322.676454
0.064403 21351.032056
0.067544 20430.857327
0.070686 19559.601638
0.073827 18735.855689
0.076969 17957.130249
0.080111 17221.729750
0.083252 16527.903470
0.086394 15873.244905
0.089535 15256.206883
0.092677 14674.431792
0.095819 14126.156689
0.098960 13609.575990
0.102102 13122.396046
0.105243 12662.963081
0.108385 12229.019836
0.111527 11818.751629
0.114668 11430.313639
0.117810 11061.493815
0.120951 10710.563038
0.124093 10375.375737
0.127235 10054.922085
0.130376 9748.881935
0.133518 9456.669814
0.136659 9178.081288
0.139801 8912.548363
0.142942 8659.849622
0.146084 8419.433557
0.149226 8190.991920
0.152367 7974.201221
0.155509 7768.532816
0.158650 7573.727181
0.161792 7389.269671
0.164934 7214.833297
0.168075 7050.078312
0.171217 6894.509205
0.174358 6747.834564
0.177500 6609.570389
0.180642 6479.374057
0.183783 6356.892674
0.186925 6241.657645
0.190066 6133.351884
0.193208 6031.515824
0.196350 5935.794313
0.199491 5845.824418
0.202633 5761.158247
0.205774 5681.459254
0.208916 5606.286086
0.212058 5535.274176
0.215199 5468.053657
0.218341 5404.191123
0.221482 5343.336785
0.224624 5285.061290
0.227765 5229.011295
0.230907 5174.760504
0.234049 5121.936385
0.237190 5070.164590
0.240332 5019.021599
0.243473 4968.238550
0.246615 4917.753144
0.249757 4867.603252
0.252898 4817.826321
0.256040 4768.412307
0.259181 4719.414307
0.262323 4670.822774
0.265465 4622.675028
0.268606 4575.007827
0.271748 4527.812471
0.274889 4481.140645
0.278031 4434.984281
0.281173 4389.379978
0.284314 4344.363633
0.287456 4299.928232
0.290597 4256.123703
0.293739 4212.943807
0.296881 4170.424244
0.300022 4128.599879
0.303164 4087.465730
0.306305 4047.069625
0.309447 4007.407492
0.312588 3968.526221
0.315730 3930.422707
0.318872 3893.131108
0.322013 3856.684550
0.325155 3821.081479
0.328296 3786.366199
0.331438 3752.538258
0.334580 3719.630505
0.337721 3687.674620
0.340863 3656.671908
0.344004 3626.663744
0.347146 3597.652673
0.350288 3569.670064
0.353429 3542.745977
0.356571 3516.884919
0.359712 3492.122595
0.362854 3468.431250
0.365996 3445.785105
0.369137 3424.156603
0.372279 3403.497697
0.375420 3383.787275
0.378562 3364.978509
0.381704 3347.043538
0.384845 3329.953387
0.387987 3313.662898
0.391128 3298.148178
0.394270 3283.365072
0.397411 3269.288728
0.400553 3255.875907
0.403695 3243.096914
0.406836 3230.921249
0.409978 3219.306883
0.413119 3208.226946
0.416261 3197.640108
0.419403 3187.515692
0.422544 3177.822435
0.425686 3168.519889
0.428827 3159.579712
0.431969 3150.961937
0.435111 3142.635178
0.438252 3134.567682
0.441394 3126.720035
0.444535 3119.062971
0.447677 3111.557339
0.450819 3104.171317
0.453960 3096.872935
0.457102 3089.623268
0.460243 3082.392670
0.463385 3075.142260
0.466527 3067.840055
0.469668 3060.454139
0.472810 3052.945533
0.475951 3045.284800
0.479093 3037.445543
0.482234 3029.441070
0.485376 3021.278885
0.488518 3012.974114
0.491659 3004.542065
0.494801 2995.989970
0.497942 2987.335868
0.501084 2978.586849
0.504226 2969.758256
0.507367 2960.865534
0.510509 2951.915620
0.513650 2942.926808
0.516792 2933.905974
0.519934 2924.868578
0.523075 2915.830100
0.526217 2906.797387
0.529358 2897.788783
0.532500 2888.811153
0.535642 2879.879973
0.538783 2871.010659
0.541925 2862.210165
0.545066 2853.496688
0.548208 2844.877281
0.551350 2836.367335
0.554491 2827.982104
0.557633 2819.728849
0.560774 2811.625418
0.563916 2803.679253
0.567057 2795.908006
0.570199 2788.319331
0.573341 2780.928333
0.576482 2773.749866
0.579624 2766.791962
0.582765 2760.071644
0.585907 2753.597233
0.589049 2747.383511
0.592190 2741.444928
0.595332 2735.788855
0.598473 2730.416435
0.601615 2725.314331
0.604757 2720.474306
0.607898 2715.887785
0.611040 2711.541856
0.614181 2707.429299
0.617323 2703.537504
0.620465 2699.857822
0.623606 2696.381334
0.626748 2693.095836
0.629889 2689.993432
0.633031 2687.062154
0.636173 2684.293025
0.639314 2681.676860
0.642456 2679.202002
0.645597 2676.860039
0.648739 2674.639489
0.651880 2672.531776
0.655022 2670.525569
0.658164 2668.611561
0.661305 2666.780328
0.664447 2665.020714
0.667588 2663.323851
0.670730 2661.678667
0.673872 2660.075718
0.677013 2658.505505
0.680155 2656.957037
0.683296 2655.421312
0.686438 2653.887362
0.689580 2652.345681
0.692721 2650.786777
0.695863 2649.199664
0.699004 2647.575367
0.702146 2645.902859
0.705288 2644.172656
0.708429 2642.375349
0.711571 2640.499854
0.714712 2638.542472
0.717854 2636.506275
0.720996 2634.397171
0.724137 2632.221162
0.727279 2629.982161
0.730420 2627.686886
0.733562 2625.339174
0.736703 2622.945815
0.739845 2620.510582
0.742987 2618.039528
0.746128 2615.538753
0.749270 2613.011962
0.752411 2610.466058
0.755553 2607.904717
0.758695 2605.334046
0.761836 2602.760163
0.764978 2600.186727
0.768119 2597.620670
0.771261 2595.065656
0.774403 2592.527803
0.777544 2590.013205
0.780686 2587.525558
0.783827 2585.071741
0.786969 2582.655490
0.790111 2580.282889
0.793252 2577.959968
0.796394 2575.690545
0.799535 2573.481361
0.802677 2571.336306
0.805819 2569.261392
0.808960 2567.262541
0.812102 2565.343778
0.815243 2563.511619
0.818385 2561.770195
0.821526 2560.125910
0.824668 2558.583014
0.827810 2557.147345
0.830951 2555.823714
0.834093 2554.609475
0.837234 2553.500955
0.840376 2552.492990
0.843518 2551.581490
0.846659 2550.762244
0.849801 2550.030271
0.852942 2549.381582
0.856084 2548.811306
0.859226 2548.315202
0.862367 2547.888938
0.865509 2547.527783
0.868650 2547.227512
0.871792 2546.983476
0.874934 2546.791320
0.878075 2546.646625
0.881217 2546.544841
0.884358 2546.481576
0.887500 2546.452332
0.890642 2546.452676
0.893783 2546.478138
0.896925 2546.524276
0.900066 2546.586604
0.903208 2546.660705
0.906349 2546.742074
0.909491 2546.826307
0.912633 2546.908919
0.915774 2546.985428
0.918916 2547.051425
0.922057 2547.102412
0.925199 2547.133963
0.928341 2547.141601
0.931482 2547.120878
0.934624 2547.067324
0.937765 2546.976515
0.940907 2546.843937
0.944049 2546.665153
0.947190 2546.435844
0.950332 2546.154285
0.953473 2545.823110
0.956615 2545.444877
0.959757 2545.022451
0.962898 2544.558752
0.966040 2544.056253
0.969181 2543.518040
0.972323 2542.946536
0.975465 2542.344676
0.978606 2541.715431
0.981748 2541.061168
0.984889 2540.385069
0.988031 2539.689470
0.991172 2538.977581
0.994314 2538.251714
0.997456 2537.514862
1.000597 2536.770031
1.003739 2536.019513
1.006880 2535.266552
1.010022 2534.513435
1.013164 2533.763169
1.016305 2533.018759
1.019447 2532.282497
1.022588 2531.557617
1.025730 2530.846425
1.028872 2530.151922
1.032013 2529.477086
1.035155 2528.824255
1.038296 2528.196610
1.041438 2527.596519
1.044580 2527.026953
1.047721 2526.490845
1.050863 2525.990620
1.054004 2525.529364
1.057146 2525.109548
1.060288 2524.734095
1.063429 2524.405868
1.066571 2524.126811
1.069712 2523.896022
1.072854 2523.711215
1.075995 2523.570368
1.079137 2523.471251
1.082279 2523.411774
1.085420 2523.389800
1.088562 2523.403173
1.091703 2523.449745
1.094845 2523.527407
1.097987 2523.634007
1.101128 2523.767359
1.104270 2523.925407
1.107411 2524.105912
1.110553 2524.306847
1.113695 2524.526019
1.116836 2524.761209
1.119978 2525.010428
1.123119 2525.271376
1.126261 2525.542081
1.129403 2525.820320
1.132544 2526.103861
1.135686 2526.390745
1.138827 2526.678649
1.141969 2526.965618
1.145111 2527.249419
1.148252 2527.527822
1.151394 2527.798867
1.154535 2528.060240
1.157677 2528.309968
1.160818 2528.545753
1.163960 2528.765604
1.167102 2528.967305
1.170243 2529.148658
1.173385 2529.307641
1.176526 2529.442012
1.179668 2529.549716
1.182810 2529.628640
1.185951 2529.678792
1.189093 2529.702581
1.192234 2529.702489
1.195376 2529.681017
1.198518 2529.640662
1.201659 2529.583946
1.204801 2529.513333
1.207942 2529.431366
1.211084 2529.340495
1.214226 2529.243244
1.217367 2529.142147
1.220509 2529.039640
1.223650 2528.938287
1.226792 2528.840524
1.229934 2528.748885
1.233075 2528.665895
1.236217 2528.594002
1.239358 2528.535751
1.242500 2528.493604
1.245641 2528.470088
1.248783 2528.467689
1.251925 2528.488918
1.255066 2528.536255
1.258208 2528.612233
1.261349 2528.719301
1.264491 2528.860028
1.267633 2529.036886
1.270774 2529.252301
1.273916 2529.508910
1.277057 2529.809049
1.280199 2530.155410
1.283341 2530.550406
1.286482 2530.996385
1.289624 2531.496134
1.292765 2532.051833
1.295907 2532.666336
1.299049 2533.341976
