0.003142 51540.200404
0.006283 49200.428937
0.009425 46953.142754
0.012566 44797.656251
0.015708 42730.479960
0.018850 40750.196966
0.021991 38855.279743
0.025133 37042.404736
0.028274 35310.609822
0.031416 33656.675314
0.034558 32079.047724
0.037699 30576.076424
0.040841 29144.687428
0.043982 27783.675784
0.047124 26490.057896
0.050265 25262.541116
0.053407 24098.226849
0.056549 22995.398701
0.059690 21952.262007
0.062832 20966.035575
0.065973 20035.231090
0.069115 19157.138888
0.072257 18329.946424
0.075398 17551.776360
0.078540 16820.016220
0.081681 16133.015712
0.084823 15488.220409
0.087965 14883.738465
0.091106 14317.626712
0.094248 13787.407700
0.097389 13291.302848
0.100531 12826.879282
0.103673 12392.182693
0.106814 11985.220932
0.109956 11603.617884
0.113097 11245.500369
0.116239 10908.523375
0.119381 10590.686978
0.122522 10289.966888
0.125664 10004.054641
0.128805 9731.016144
0.131947 9468.681365
0.135088 9216.357025
0.138230 8973.644239
0.141372 8740.393015
0.144513 8516.441315
0.147655 8301.414711
0.150796 8095.218340
0.153938 7897.489080
0.157080 7708.062066
0.160221 7526.761868
0.163363 7353.241213
0.166504 7187.378820
0.169646 7028.837248
0.172788 6877.438609
0.175929 6732.995919
0.179071 6595.185376
0.182212 6463.862970
0.185354 6338.713250
0.188496 6219.547147
0.191637 6106.167974
0.194779 5998.271707
0.197920 5895.695294
0.201062 5798.141589
0.204204 5705.412186
0.207345 5617.302538
0.210487 5533.524711
0.213628 5453.900299
0.216770 5378.146772
0.219911 5306.080617
0.223053 5237.424116
0.226195 5171.968891
0.229336 5109.502489
0.232478 5049.753304
0.235619 4992.527635
0.238761 4937.557215
0.241903 4884.628755
0.245044 4833.526370
0.248186 4783.985689
0.251327 4735.806514
0.254469 4688.726338
0.257611 4642.532371
0.260752 4597.113178
0.263894 4552.429540
0.267035 4508.505765
0.270177 4465.309750
0.273319 4422.851457
0.276460 4381.139914
0.279602 4340.144424
0.282743 4299.886947
0.285885 4260.337714
0.289027 4221.505518
0.292168 4183.398241
0.295310 4145.987483
0.298451 4109.292920
0.301593 4073.287053
0.304734 4037.988664
0.307876 4003.371142
0.311018 3969.441698
0.314159 3936.206666
0.317301 3903.640748
0.320442 3871.760537
0.323584 3840.541599
0.326726 3809.990053
0.329867 3780.111168
0.333009 3750.881782
0.336150 3722.316366
0.339292 3694.392595
0.342434 3667.115530
0.345575 3640.489407
0.348717 3614.493137
0.351858 3589.139132
0.355000 3564.407112
0.358142 3540.301111
0.361283 3516.824367
0.364425 3493.957797
0.367566 3471.711818
0.370708 3450.068132
0.373850 3429.029779
0.376991 3408.599031
0.380133 3388.758742
0.383274 3369.517397
0.386416 3350.855897
0.389557 3332.772932
0.392699 3315.242886
0.395841 3298.257500
0.398982 3281.807821
0.402124 3265.869273
0.405265 3250.437904
0.408407 3235.489786
0.411549 3221.015804
0.414690 3207.006241
0.417832 3193.438073
0.420973 3180.305840
0.424115 3167.587078
0.427257 3155.271928
0.430398 3143.350020
0.433540 3131.799660
0.436681 3120.614103
0.439823 3109.772123
0.442965 3099.263234
0.446106 3089.076521
0.449248 3079.191396
0.452389 3069.600054
0.455531 3060.282285
0.458673 3051.227083
0.461814 3042.423104
0.464956 3033.850642
0.468097 3025.501055
0.471239 3017.354925
0.474380 3009.403340
0.477522 3001.627134
0.480664 2994.014762
0.483805 2986.554470
0.486947 2979.227405
0.490088 2972.024135
0.493230 2964.925971
0.496372 2957.921116
0.499513 2950.997659
0.502655 2944.137088
0.505796 2937.329674
0.508938 2930.556978
0.512080 2923.809072
0.515221 2917.086530
0.518363 2910.386962
0.521504 2903.716525
0.524646 2897.072865
0.527788 2890.460004
0.530929 2883.881923
0.534071 2877.336328
0.537212 2870.829277
0.540354 2864.358520
0.543496 2857.928029
0.546637 2851.541723
0.549779 2845.197428
0.552920 2838.901077
0.556062 2832.650552
0.559203 2826.451724
0.562345 2820.302540
0.565487 2814.206875
0.568628 2808.168536
0.571770 2802.185571
0.574911 2796.263680
0.578053 2790.400987
0.581195 2784.601280
0.584336 2778.868266
0.587478 2773.200189
0.590619 2767.602549
0.593761 2762.073674
0.596903 2756.617252
0.600044 2751.236877
0.603186 2745.931016
0.606327 2740.704940
0.609469 2735.557212
0.612611 2730.491404
0.615752 2725.510981
0.618894 2720.614665
0.622035 2715.807465
0.625177 2711.088212
0.628319 2706.460346
0.631460 2701.927189
0.634602 2697.487745
0.637743 2693.146619
0.640885 2688.901323
0.644026 2684.753783
0.647168 2680.700565
0.650310 2676.742207
0.653451 2672.879128
0.656593 2669.108073
0.659734 2665.430646
0.662876 2661.843710
0.666018 2658.347654
0.669159 2654.942752
0.672301 2651.626041
0.675442 2648.398835
0.678584 2645.258284
0.681726 2642.204633
0.684867 2639.238017
0.688009 2636.355751
0.691150 2633.558875
0.694292 2630.844811
0.697434 2628.213667
0.700575 2625.665446
0.703717 2623.197728
0.706858 2620.811290
0.710000 2618.503816
0.713142 2616.275281
0.716283 2614.125563
0.719425 2612.052496
0.722566 2610.056605
0.725708 2608.135822
0.728849 2606.290575
0.731991 2604.518893
0.735133 2602.820579
0.738274 2601.195343
0.741416 2599.641355
0.744557 2598.158807
0.747699 2596.745960
0.750841 2595.402501
0.753982 2594.128030
0.757124 2592.920938
0.760265 2591.781198
0.763407 2590.707264
0.766549 2589.697483
0.769690 2588.748399
0.772832 2587.855525
0.775973 2587.015550
0.779115 2586.224057
0.782257 2585.477440
0.785398 2584.772034
0.788540 2584.103509
0.791681 2583.468409
0.794823 2582.862450
0.797965 2582.281955
0.801106 2581.723218
0.804248 2581.182000
0.807389 2580.654766
0.810531 2580.137299
0.813672 2579.626049
0.816814 2579.116808
0.819956 2578.605857
0.823097 2578.089479
0.826239 2577.563464
0.829380 2577.024267
0.832522 2576.467663
0.835664 2575.889938
0.838805 2575.287407
0.841947 2574.655803
0.845088 2573.991650
0.848230 2573.290642
0.851372 2572.549102
0.854513 2571.763407
0.857655 2570.929174
0.860796 2570.043055
0.863938 2569.100602
0.867080 2568.098208
0.870221 2567.032340
0.873363 2565.898437
0.876504 2564.693341
0.879646 2563.412403
0.882788 2562.052113
0.885929 2560.609062
0.889071 2559.078450
0.892212 2557.459976
0.895354 2555.759286
0.898495 2553.985644
0.901637 2552.146107
0.904779 2550.249416
0.907920 2548.304385
0.911062 2546.317962
0.914203 2544.299593
0.917345 2542.256179
0.920487 2540.196547
0.923628 2538.129541
0.926770 2536.062034
0.929911 2534.003521
0.933053 2531.960880
0.936195 2529.942954
0.939336 2527.958558
0.942478 2526.014614
0.945619 2524.120542
0.948761 2522.283321
0.951903 2520.511751
0.955044 2518.814548
0.958186 2517.198816
0.961327 2515.673767
0.964469 2514.246616
0.967611 2512.926050
0.970752 2511.720623
0.973894 2510.637753
0.977035 2509.686311
0.980177 2508.873877
0.983319 2508.208964
0.986460 2507.699897
0.989602 2507.354536
0.992743 2507.181284
0.995885 2507.188218
0.999026 2507.383513
1.002168 2507.775482
1.005310 2508.372279
1.008451 2509.181801
1.011593 2510.212749
1.014734 2511.472650
1.017876 2512.968048
1.021018 2514.687286
1.024159 2516.611171
1.027301 2518.722354
1.030442 2521.000925
1.033584 2523.429763
1.036726 2525.989589
1.039867 2528.660958
1.043009 2531.427000
1.046150 2534.267386
1.049292 2537.165354
1.052434 2540.101431
1.055575 2543.056097
1.058717 2546.012661
1.061858 2548.950674
1.065000 2551.853435
1.068142 2554.701427
1.071283 2557.475201
1.074425 2560.157950
1.077566 2562.729402
1.080708 2565.172621
1.083849 2567.467485
1.086991 2569.596883
1.090133 2571.541482
1.093274 2573.282184
1.096416 2574.801523
1.099557 2576.079968
1.102699 2577.099759
1.105841 2577.841871
1.108982 2578.287634
1.112124 2578.418758
1.115265 2578.216594
1.118407 2577.662440
1.121549 2576.737729
1.124690 2575.424365
1.127832 2573.702937
1.130973 2571.555976
1.134115 2568.963542
1.137257 2565.907672
1.140398 2562.370991
1.143540 2558.334535
1.146681 2553.818997
1.149823 2548.870578
1.152965 2543.540809
1.156106 2537.881703
1.159248 2531.939811
1.162389 2525.769045
1.165531 2519.415628
1.168672 2512.933737
1.171814 2506.369396
1.174956 2499.774817
1.178097 2493.202249
1.181239 2486.697660
1.184380 2480.315322
1.187522 2474.101323
1.190664 2468.107883
1.193805 2462.386940
1.196947 2456.985004
1.200088 2451.955645
1.203230 2447.345813
1.206372 2443.207337
1.209513 2439.591445
1.212655 2436.545987
1.215796 2434.123034
1.218938 2432.371195
1.222080 2431.341508
1.225221 2431.084093
1.228363 2431.648940
1.231504 2433.085819
1.234646 2435.445797
1.237788 2438.778725
1.240929 2443.133215
1.244071 2448.562190
1.247212 2455.112327
1.250354 2462.837949
1.253495 2471.784270
1.256637 2482.007138
1.259779 2493.554068
1.262920 2506.470890
1.266062 2520.815980
1.269203 2536.629037
1.272345 2553.841626
1.275487 2572.137934
1.278628 2591.176040
1.281770 2610.632381
1.284911 2630.159031
1.288053 2649.432735
1.291195 2668.111498
1.294336 2685.854079
1.297478 2702.336091
1.300619 2717.211498
1.303761 2730.154087
1.306903 2740.823074
1.310044 2748.880571
1.313186 2753.996022
1.316327 2755.830627
1.319469 2754.049869
1.322611 2748.316851
1.325752 2738.299702
1.328894 2723.656361
1.332035 2704.060605
1.335177 2679.164270
1.338318 2648.647661
1.341460 2612.155661
1.344602 2569.361298
1.347743 2519.945619
1.350885 2463.541476
1.354026 2399.849229
1.357168 2328.492635
1.360310 2249.155018
1.363451 2161.529858
1.366593 2065.225676
1.369734 1959.968229
1.372876 1845.354811
1.376018 1721.081709
1.379159 1586.857507
1.382301 1442.261055
1.385442 1287.048850
1.388584 1120.786376
1.391726 943.185559
1.394867 753.972756
