0.004712 51100.394586
0.007854 48802.869903
0.010996 46597.258532
0.014137 44482.078139
0.017279 42453.840791
0.020420 40511.697331
0.023562 38652.270003
0.026704 36874.048935
0.029845 35175.420881
0.032987 33553.163144
0.036128 32006.168144
0.039270 30531.309733
0.042412 29126.950532
0.045553 27791.363417
0.048695 26521.556853
0.051836 25316.198912
0.054978 24172.380981
0.058119 23088.690936
0.061261 22062.297632
0.064403 21091.413804
0.067544 20174.181522
0.070686 19307.875634
0.073827 18490.907368
0.076969 17720.615414
0.080111 16995.125885
0.083252 16312.507861
0.086394 15670.185577
0.089535 15066.427691
0.092677 14498.708648
0.095819 13965.084981
0.098960 13463.569814
0.102102 12991.702699
0.105243 12547.643790
0.108385 12128.969223
0.111527 11733.682979
0.114668 11359.759269
0.117810 11004.818884
0.120951 10666.947553
0.124093 10343.837391
0.127235 10034.411694
0.130376 9738.380690
0.133518 9455.202007
0.136659 9184.702175
0.139801 8926.355081
0.142942 8679.971447
0.146084 8445.040516
0.149226 8221.288633
0.152367 8008.427911
0.155509 7805.968940
0.158650 7613.686866
0.161792 7431.105380
0.164934 7257.933323
0.168075 7093.867554
0.171217 6938.449731
0.174358 6791.425059
0.177500 6652.346045
0.180642 6520.906840
0.183783 6396.791865
0.186925 6279.568217
0.190066 6168.956789
0.193208 6064.533274
0.196350 5965.979947
0.199491 5872.971609
0.202633 5785.095162
0.205774 5702.052820
0.208916 5623.437830
0.212058 5548.923407
0.215199 5478.177548
0.218341 5410.801329
0.221482 5346.483915
0.224624 5284.830476
0.227765 5225.526531
0.230907 5168.180445
0.234049 5112.457481
0.237190 5058.020837
0.240332 5004.482021
0.243473 4951.599941
0.246615 4899.305282
0.249757 4847.624880
0.252898 4796.584790
0.256040 4746.162417
0.259181 4696.399753
0.262323 4647.275018
0.265465 4598.814062
0.268606 4551.041891
0.271748 4503.937991
0.274889 4457.542244
0.278031 4411.835010
0.281173 4366.841077
0.284314 4322.584325
0.287456 4279.046477
0.290597 4236.265144
0.293739 4194.222990
0.296881 4152.943659
0.300022 4112.449825
0.303164 4072.725606
0.306305 4033.806188
0.309447 3995.676691
0.312588 3958.371286
0.315730 3921.876122
0.318872 3886.213111
0.322013 3851.403106
0.325155 3817.433845
0.328296 3784.336850
0.331438 3752.100950
0.334580 3720.746724
0.337721 3690.293632
0.340863 3660.732184
0.344004 3632.091098
0.347146 3604.362039
0.350288 3577.564177
0.353429 3551.715497
0.356571 3526.809441
0.359712 3502.870104
0.362854 3479.868895
0.365996 3457.785142
0.369137 3436.596691
0.372279 3416.261301
0.375420 3396.763175
0.378562 3378.061147
0.381704 3360.132797
0.384845 3342.954718
0.387987 3326.487222
0.391128 3310.712050
0.394270 3295.590407
0.397411 3281.103180
0.400553 3267.212391
0.403695 3253.893993
0.406836 3241.123209
0.409978 3228.863156
0.413119 3217.092898
0.416261 3205.776190
0.419403 3194.888095
0.422544 3184.403132
0.425686 3174.285873
0.428827 3164.514018
0.431969 3155.052595
0.435111 3145.876008
0.438252 3136.958299
0.441394 3128.265038
0.444535 3119.773020
0.447677 3111.448086
0.450819 3103.264211
0.453960 3095.195189
0.457102 3087.207132
0.460243 3079.276383
0.463385 3071.369144
0.466527 3063.459185
0.469668 3055.520284
0.472810 3047.518634
0.475951 3039.430627
0.479093 3031.232835
0.482234 3022.936694
0.485376 3014.546656
0.488518 3006.075082
0.491659 2997.534438
0.494801 2988.929020
0.497942 2980.274034
0.501084 2971.573703
0.504226 2962.840512
0.507367 2954.086986
0.510509 2945.317285
0.513650 2936.546721
0.516792 2927.779443
0.519934 2919.027979
0.523075 2910.304837
0.526217 2901.614197
0.529358 2892.971321
0.532500 2884.380439
0.535642 2875.854045
0.538783 2867.404555
0.541925 2859.036320
0.545066 2850.764399
0.548208 2842.593256
0.551350 2834.535277
0.554491 2826.602704
0.557633 2818.800219
0.560774 2811.142518
0.563916 2803.634459
0.567057 2796.290551
0.570199 2789.115850
0.573341 2782.122458
0.576482 2775.322245
0.579624 2768.720613
0.582765 2762.331496
0.585907 2756.160557
0.589049 2750.219603
0.592190 2744.520143
0.595332 2739.067116
0.598473 2733.861598
0.601615 2728.891868
0.604757 2724.151157
0.607898 2719.632400
0.611040 2715.324255
0.614181 2711.221003
0.617323 2707.311564
0.620465 2703.588810
0.623606 2700.045374
0.626748 2696.670534
0.629889 2693.457977
0.633031 2690.397191
0.636173 2687.480756
0.639314 2684.701070
0.642456 2682.047896
0.645597 2679.514463
0.648739 2677.090690
0.651880 2674.769660
0.655022 2672.541429
0.658164 2670.398283
0.661305 2668.332403
0.664447 2666.334006
0.667588 2664.395903
0.670730 2662.508394
0.673872 2660.663639
0.677013 2658.853740
0.680155 2657.069080
0.683296 2655.302333
0.686438 2653.543909
0.689580 2651.785905
0.692721 2650.020417
0.695863 2648.237856
0.699004 2646.430894
0.702146 2644.589916
0.705288 2642.707024
0.708429 2640.774376
0.711571 2638.782319
0.714712 2636.727973
0.717854 2634.613676
0.720996 2632.444552
0.724137 2630.225791
0.727279 2627.960458
0.730420 2625.654471
0.733562 2623.310836
0.736703 2620.935522
0.739845 2618.531492
0.742987 2616.103977
0.746128 2613.658234
0.749270 2611.197184
0.752411 2608.726868
0.755553 2606.250190
0.758695 2603.772413
0.761836 2601.298802
0.764978 2598.832258
0.768119 2596.378826
0.771261 2593.941422
0.774403 2591.525306
0.777544 2589.135713
0.780686 2586.775597
0.783827 2584.450937
0.786969 2582.164728
0.790111 2579.922195
0.793252 2577.728506
0.796394 2575.586741
0.799535 2573.502738
0.802677 2571.479647
0.805819 2569.522620
0.808960 2567.636721
0.812102 2565.825229
0.815243 2564.093770
0.818385 2562.445719
0.821526 2560.886600
0.824668 2559.419897
0.827810 2558.050599
0.830951 2556.782796
0.834093 2555.613981
0.837234 2554.540899
0.840376 2553.558857
0.843518 2552.664200
0.846659 2551.853165
0.849801 2551.121225
0.852942 2550.464838
0.856084 2549.879578
0.859226 2549.361653
0.862367 2548.907190
0.865509 2548.511888
0.868650 2548.171993
0.871792 2547.883278
0.874934 2547.641849
0.878075 2547.443753
0.881217 2547.284854
0.884358 2547.161245
0.887500 2547.068839
0.890642 2547.003669
0.893783 2546.961736
0.896925 2546.939003
0.900066 2546.931477
0.903208 2546.935143
0.906349 2546.945992
0.909491 2546.960022
0.912633 2546.973218
0.915774 2546.981570
0.918916 2546.981073
0.922057 2546.967720
0.925199 2546.937493
0.928341 2546.886383
0.931482 2546.810409
0.934624 2546.705512
0.937765 2546.567752
0.940907 2546.393032
0.944049 2546.177379
0.947190 2545.916926
0.950332 2545.610096
0.953473 2545.259310
0.956615 2544.866855
0.959757 2544.435345
0.962898 2543.967442
0.966040 2543.465358
0.969181 2542.931921
0.972323 2542.369298
0.975465 2541.780163
0.978606 2541.167226
0.981748 2540.532604
0.984889 2539.879208
0.988031 2539.209132
0.991172 2538.525308
0.994314 2537.829811
0.997456 2537.125364
1.000597 2536.414705
1.003739 2535.699890
1.006880 2534.983880
1.010022 2534.268728
1.013164 2533.557172
1.016305 2532.851944
1.019447 2532.155104
1.022588 2531.469602
1.025730 2530.797511
1.028872 2530.141560
1.032013 2529.504457
1.035155 2528.888307
1.038296 2528.296008
1.041438 2527.729691
1.044580 2527.192059
1.047721 2526.685777
1.050863 2526.213030
1.054004 2525.776628
1.057146 2525.378801
1.060288 2525.022203
1.063429 2524.709435
1.066571 2524.442248
1.069712 2524.219816
1.072854 2524.040037
1.075995 2523.901067
1.079137 2523.800854
1.082279 2523.737490
1.085420 2523.709015
1.088562 2523.713451
1.091703 2523.748834
1.094845 2523.813228
1.097987 2523.904662
1.101128 2524.021136
1.104270 2524.160762
1.107411 2524.321492
1.110553 2524.501467
1.113695 2524.698677
1.116836 2524.911092
1.119978 2525.136885
1.123119 2525.373952
1.126261 2525.620485
1.129403 2525.874447
1.132544 2526.133793
1.135686 2526.396729
1.138827 2526.661127
1.141969 2526.925193
1.145111 2527.186883
1.148252 2527.444154
1.151394 2527.695209
1.154535 2527.937928
1.157677 2528.170504
1.160818 2528.390830
1.163960 2528.597085
1.167102 2528.787235
1.170243 2528.959268
1.173385 2529.111330
1.176526 2529.241367
1.179668 2529.347499
1.182810 2529.427787
1.185951 2529.482217
1.189093 2529.512960
1.192234 2529.522245
1.195376 2529.512329
1.198518 2529.485455
1.201659 2529.443889
1.204801 2529.389855
1.207942 2529.325636
1.211084 2529.253441
1.214226 2529.175538
1.217367 2529.094206
1.220509 2529.011642
1.223650 2528.930147
1.226792 2528.851920
1.229934 2528.779236
1.233075 2528.714367
1.236217 2528.659519
1.239358 2528.616978
1.242500 2528.588966
1.245641 2528.577749
1.248783 2528.585571
1.251925 2528.614687
1.255066 2528.667329
1.258208 2528.745779
1.261349 2528.852236
1.264491 2528.989018
1.267633 2529.158345
1.270774 2529.362399
1.273916 2529.603558
1.277057 2529.883918
1.280199 2530.205907
1.283341 2530.571693
1.286482 2530.983388
1.289624 2531.443503
1.292765 2531.953995
1.295907 2532.517438
1.299049 2533.135930
