0.003142 51483.512850
0.006283 49156.633049
0.009425 46921.290439
0.012566 44776.821156
0.015708 42719.772104
0.018850 40748.752079
0.021991 38862.260365
0.025133 37057.008130
0.028274 35332.057741
0.031416 33684.223227
0.034558 32111.978160
0.037699 30613.699890
0.040841 29186.346777
0.043982 27828.740640
0.047124 26537.929411
0.050265 25312.647996
0.053407 24150.028582
0.056549 23048.383337
0.059690 22005.946811
0.062832 21019.967613
0.065973 20088.986616
0.069115 19210.323397
0.072257 18382.194768
0.075398 17602.753209
0.078540 16869.414791
0.081681 16180.559569
0.084823 15533.661293
0.087965 14926.858026
0.091106 14358.236793
0.094248 13825.347901
0.097389 13326.443811
0.100531 12859.119225
0.103673 12421.450068
0.106814 12011.474518
0.109956 11626.843899
0.113097 11265.716301
0.116239 10925.774151
0.119381 10605.047851
0.122522 10301.543342
0.125664 10012.979744
0.128805 9737.453994
0.131947 9472.821537
0.135088 9218.396022
0.138230 8973.770860
0.141372 8738.790270
0.144513 8513.286192
0.147655 8296.876721
0.150796 8089.461393
0.153938 7890.669820
0.157080 7700.331062
0.160221 7518.263423
0.163363 7344.112653
0.166504 7177.751389
0.169646 7018.835384
0.172788 6867.180440
0.175929 6722.593116
0.179071 6584.743027
0.182212 6453.479705
0.185354 6328.481250
0.188496 6209.552100
0.191637 6096.488967
0.194779 5988.981541
0.197920 5886.860037
0.201062 5789.821112
0.204204 5697.659737
0.207345 5610.164673
0.210487 5527.041890
0.213628 5448.106081
0.216770 5373.068667
0.219911 5301.739195
0.223053 5233.833929
0.226195 5169.137769
0.229336 5107.431533
0.232478 5048.437611
0.235619 4991.955338
0.238761 4937.710431
0.241903 4885.482876
0.245044 4835.050089
0.248186 4786.141639
0.251327 4738.550442
0.254469 4692.007876
0.257611 4646.294605
0.260752 4601.296626
0.263894 4556.976948
0.267035 4513.361839
0.270177 4470.421587
0.273319 4428.168243
0.276460 4386.612986
0.279602 4345.727413
0.282743 4305.535609
0.285885 4266.010038
0.289027 4227.161662
0.292168 4189.000581
0.295310 4151.500552
0.298451 4114.683504
0.301593 4078.524052
0.304734 4043.043271
0.307876 4008.216627
0.311018 3974.053579
0.314159 3940.562741
0.317301 3907.720846
0.320442 3875.546856
0.323584 3844.018344
0.326726 3813.143714
0.329867 3782.930538
0.333009 3753.357637
0.336150 3724.441891
0.339292 3696.162948
0.342434 3668.528174
0.345575 3641.544113
0.348717 3615.191642
0.351858 3589.485594
0.355000 3564.407658
0.358142 3539.964176
0.361283 3516.160683
0.364425 3492.980081
0.367566 3470.435182
0.370708 3448.509690
0.373850 3427.208938
0.376991 3406.537466
0.380133 3386.480169
0.383274 3367.047860
0.386416 3348.222629
0.389557 3330.002525
0.392699 3312.360797
0.395841 3295.288188
0.398982 3278.774718
0.402124 3262.794723
0.405265 3247.343234
0.408407 3232.395263
0.411549 3217.940662
0.414690 3203.968650
0.417832 3190.455185
0.420973 3177.393726
0.424115 3164.760807
0.427257 3152.545507
0.430398 3140.736370
0.433540 3129.310729
0.436681 3118.260714
0.439823 3107.564143
0.442965 3097.209438
0.446106 3087.184590
0.449248 3077.468067
0.452389 3068.050913
0.455531 3058.911982
0.458673 3050.039168
0.461814 3041.420024
0.464956 3033.033914
0.468097 3024.871034
0.471239 3016.911039
0.474380 3009.143853
0.477522 3001.549384
0.480664 2994.114981
0.483805 2986.827791
0.486947 2979.668025
0.490088 2972.625100
0.493230 2965.679383
0.496372 2958.817982
0.499513 2952.027897
0.502655 2945.289655
0.505796 2938.592406
0.508938 2931.916736
0.512080 2925.251832
0.515221 2918.598450
0.518363 2911.954789
0.521504 2905.327512
0.524646 2898.714838
0.527788 2892.121317
0.530929 2885.551475
0.534071 2879.003566
0.537212 2872.484194
0.540354 2865.991645
0.543496 2859.530438
0.546637 2853.105050
0.549779 2846.713827
0.552920 2840.363274
0.556062 2834.051784
0.559203 2827.785812
0.562345 2821.563805
0.565487 2815.390202
0.568628 2809.269382
0.571770 2803.199885
0.574911 2797.188011
0.578053 2791.232369
0.581195 2785.337320
0.584336 2779.507148
0.587478 2773.740577
0.590619 2768.043716
0.593761 2762.415373
0.596903 2756.859811
0.600044 2751.381201
0.603186 2745.978491
0.606327 2740.657556
0.609469 2735.417446
0.612611 2730.262305
0.615752 2725.196171
0.618894 2720.218254
0.622035 2715.334160
0.625177 2710.543217
0.628319 2705.849431
0.631460 2701.256687
0.634602 2696.764498
0.637743 2692.378008
0.640885 2688.094743
0.644026 2683.916373
0.647168 2679.839150
0.650310 2675.863336
0.653451 2671.989061
0.656593 2668.212774
0.659734 2664.535793
0.662876 2660.954690
0.666018 2657.469566
0.669159 2654.080399
0.672301 2650.783944
0.675442 2647.581216
0.678584 2644.469088
0.681726 2641.447509
0.684867 2638.516311
0.688009 2635.672544
0.691150 2632.916931
0.694292 2630.246632
0.697434 2627.661453
0.700575 2625.161089
0.703717 2622.742863
0.706858 2620.407229
0.710000 2618.151614
0.713142 2615.975689
0.716283 2613.879022
0.719425 2611.859192
0.722566 2609.916401
0.725708 2608.048324
0.728849 2606.255067
0.731991 2604.534400
0.735133 2602.885822
0.738274 2601.308736
0.741416 2599.801053
0.744557 2598.362646
0.747699 2596.991515
0.750841 2595.687042
0.753982 2594.448525
0.757124 2593.274089
0.760265 2592.163398
0.763407 2591.114635
0.766549 2590.126028
0.769690 2589.194250
0.772832 2588.314983
0.775973 2587.485062
0.779115 2586.700233
0.782257 2585.957042
0.785398 2585.251979
0.788540 2584.580872
0.791681 2583.940423
0.794823 2583.326498
0.797965 2582.735579
0.801106 2582.164119
0.804248 2581.608028
0.807389 2581.063937
0.810531 2580.527773
0.813672 2579.996152
0.816814 2579.465012
0.819956 2578.930795
0.823097 2578.389948
0.826239 2577.838401
0.829380 2577.272781
0.832522 2576.689002
0.835664 2576.083516
0.838805 2575.452800
0.841947 2574.792727
0.845088 2574.099994
0.848230 2573.370433
0.851372 2572.600533
0.854513 2571.786835
0.857655 2570.925093
0.860796 2570.012133
0.863938 2569.043647
0.867080 2568.016192
0.870221 2566.926397
0.873363 2565.769843
0.876504 2564.543543
0.879646 2563.242989
0.882788 2561.864835
0.885929 2560.405830
0.889071 2558.861323
0.892212 2557.231125
0.895354 2555.520818
0.898495 2553.739588
0.901637 2551.894401
0.904779 2549.993917
0.907920 2548.046864
0.911062 2546.060104
0.914203 2544.042998
0.917345 2542.002363
0.920487 2539.946939
0.923628 2537.885485
0.926770 2535.824790
0.929911 2533.774262
0.933053 2531.740697
0.936195 2529.732851
0.939336 2527.759450
0.942478 2525.827338
0.945619 2523.945842
0.948761 2522.121864
0.951903 2520.364115
0.955044 2518.681221
0.958186 2517.080210
0.961327 2515.570199
0.964469 2514.158328
0.967611 2512.853193
0.970752 2511.663259
0.973894 2510.595868
0.977035 2509.659796
0.980177 2508.862548
0.983319 2508.212547
0.986460 2507.718026
0.989602 2507.386773
0.992743 2507.227094
0.995885 2507.246988
0.999026 2507.454541
1.002168 2507.857985
1.005310 2508.465387
1.008451 2509.284554
1.011593 2510.324109
1.014734 2511.591488
1.017876 2513.093167
1.021018 2514.817499
1.024159 2516.745338
1.027301 2518.859388
1.030442 2521.139786
1.033584 2523.569460
1.036726 2526.129181
1.039867 2528.799554
1.043009 2531.563754
1.046150 2534.401507
1.049292 2537.296094
1.052434 2540.228095
1.055575 2543.178040
1.058717 2546.129283
1.061858 2549.061429
1.065000 2551.957821
1.068142 2554.798993
1.071283 2557.565549
1.074425 2560.240726
1.077566 2562.804304
1.080708 2565.239393
1.083849 2567.525926
1.086991 2569.646834
1.090133 2571.582836
1.093274 2573.314886
1.096416 2574.825563
1.099557 2576.095388
1.102699 2577.106646
1.105841 2577.840365
1.108982 2578.277926
1.112124 2578.401082
1.115265 2578.191239
1.118407 2577.629739
1.121549 2576.698066
1.124690 2575.378176
1.127832 2573.650702
1.130973 2571.498230
1.134115 2568.900864
1.137257 2565.840691
1.140398 2562.300388
1.143540 2558.261035
1.146681 2553.743331
1.149823 2548.793444
1.152965 2543.462870
1.156106 2537.803590
1.159248 2531.862119
1.162389 2525.692335
1.165531 2519.340429
1.168672 2512.860541
1.171814 2506.298663
1.174956 2499.706973
1.178097 2493.137684
1.181239 2486.636733
1.184380 2480.258353
1.187522 2474.048604
1.190664 2468.059668
1.193805 2462.343448
1.196947 2456.946425
1.200088 2451.922129
1.203230 2447.317480
1.206372 2443.184272
1.209513 2439.573697
1.212655 2436.533575
1.215796 2434.115937
1.218938 2432.369364
1.222080 2431.344857
1.225221 2431.092501
1.228363 2431.662253
1.231504 2433.103848
1.234646 2435.468323
1.237788 2438.805491
1.240929 2443.163928
1.244071 2448.596529
1.247212 2455.149932
1.250354 2462.878428
1.253495 2471.827195
1.256637 2482.052050
1.259779 2493.600472
1.262920 2506.518257
1.266062 2520.863749
1.269203 2536.676610
1.272345 2553.888399
1.275487 2572.183346
1.278628 2591.219578
1.281770 2610.673580
1.284911 2630.197473
1.288053 2649.468049
1.291195 2668.143361
1.294336 2685.882218
1.297478 2702.360277
1.300619 2717.231554
1.303761 2730.169879
1.306903 2740.834518
1.310044 2748.887631
1.313186 2753.998708
1.316327 2755.829001
1.319469 2754.044035
1.322611 2748.306963
1.325752 2738.285964
1.328894 2723.639021
1.332035 2704.039961
1.335177 2679.140667
1.338318 2648.621492
1.341460 2612.127366
1.344602 2569.331364
1.347743 2519.914583
1.350885 2463.509921
1.354026 2399.817786
1.357168 2328.461983
1.360310 2249.125884
1.363451 2161.503015
1.366593 2065.201947
1.369734 1959.948482
1.372876 1845.339965
1.376018 1721.072729
1.379159 1586.855404
1.382301 1442.266891
1.385442 1287.063730
1.388584 1120.811459
1.391726 943.222048
1.394867 754.021898
