0.003142 50310.766824
0.006283 48238.920542
0.009425 46239.946677
0.012566 44313.608010
0.015708 42457.167686
0.018850 40669.739694
0.021991 38950.350174
0.025133 37296.394043
0.028274 35707.414466
0.031416 34180.889396
0.034558 32715.824217
0.037699 31311.146076
0.040841 29964.450278
0.043982 28675.084407
0.047124 27440.717191
0.050265 26260.624712
0.053407 25132.545278
0.056549 24055.352413
0.059690 23027.854864
0.062832 22047.888102
0.065973 21114.566272
0.069115 20225.784813
0.072257 19380.337481
0.075398 18576.962870
0.078540 17813.639161
0.081681 17089.342598
0.084823 16402.101712
0.087965 15750.642512
0.091106 15133.645457
0.094248 14549.207400
0.097389 13996.190719
0.100531 13472.733007
0.103673 12977.504538
0.106814 12509.139655
0.109956 12065.829851
0.113097 11646.347669
0.116239 11248.915729
0.119381 10872.160592
0.122522 10514.682498
0.125664 10174.743545
0.128805 9851.050479
0.131947 9541.960253
0.135088 9246.922385
0.138230 8965.379330
0.141372 8697.061323
0.144513 8441.681762
0.147655 8198.712232
0.150796 7967.941747
0.153938 7748.857562
0.157080 7541.169158
0.160221 7344.571511
0.163363 7158.573636
0.166504 6982.928281
0.169646 6817.157801
0.172788 6660.953838
0.175929 6513.995852
0.179071 6375.824468
0.182212 6246.161989
0.185354 6124.560052
0.188496 6010.695364
0.191637 5904.234787
0.194779 5804.744730
0.197920 5711.922874
0.201062 5625.344315
0.204204 5544.673739
0.207345 5469.568318
0.210487 5399.614424
0.213628 5334.490938
0.216770 5273.790593
0.219911 5217.186377
0.223053 5164.276446
0.226195 5114.713551
0.229336 5068.146183
0.232478 5024.178888
0.235619 4982.474004
0.238761 4942.639175
0.241903 4904.322115
0.245044 4867.168611
0.248186 4830.789202
0.251327 4794.841398
0.254469 4758.936505
0.257611 4722.726499
0.260752 4686.047203
0.263894 4648.906060
0.267035 4611.368522
0.270177 4573.452515
0.273319 4535.211767
0.276460 4496.700416
0.279602 4457.935770
0.282743 4418.984313
0.285885 4379.863072
0.289027 4340.626257
0.292168 4301.328224
0.295310 4261.985781
0.298451 4222.665778
0.301593 4183.385008
0.304734 4144.210285
0.307876 4105.158491
0.311018 4066.283955
0.314159 4027.640780
0.317301 3989.246187
0.320442 3951.166426
0.323584 3913.419079
0.326726 3876.058157
0.329867 3839.137181
0.333009 3802.674471
0.336150 3766.735046
0.339292 3731.337851
0.342434 3696.536248
0.345575 3662.382846
0.348717 3628.897724
0.351858 3596.144008
0.355000 3564.142670
0.358142 3532.946093
0.361283 3502.605636
0.364425 3473.143809
0.367566 3444.621175
0.370708 3417.061400
0.373850 3390.515554
0.376991 3365.033416
0.380133 3340.640588
0.383274 3317.394331
0.386416 3295.300473
0.389557 3274.344117
0.392699 3254.475831
0.395841 3235.666368
0.398982 3217.885133
0.402124 3201.084716
0.405265 3185.239738
0.408407 3170.304023
0.411549 3156.246668
0.414690 3143.035650
0.417832 3130.626469
0.420973 3118.990954
0.424115 3108.085606
0.427257 3097.878153
0.430398 3088.335435
0.433540 3079.415288
0.436681 3071.087318
0.439823 3063.310133
0.442965 3056.050379
0.446106 3049.274045
0.449248 3042.940727
0.452389 3037.018384
0.455531 3031.467159
0.458673 3026.252901
0.461814 3021.341033
0.464956 3016.692340
0.468097 3012.273709
0.471239 3008.046238
0.474380 3003.976546
0.477522 3000.025954
0.480664 2996.159683
0.483805 2992.342846
0.486947 2988.536927
0.490088 2984.708274
0.493230 2980.818363
0.496372 2976.832309
0.499513 2972.715351
0.502655 2968.428778
0.505796 2963.939248
0.508938 2959.207814
0.512080 2954.205965
0.515221 2948.938089
0.518363 2943.414177
0.521504 2937.651090
0.524646 2931.658508
0.527788 2925.451584
0.530929 2919.045740
0.534071 2912.450249
0.537212 2905.682655
0.540354 2898.751997
0.543496 2891.673758
0.546637 2884.463608
0.549779 2877.130306
0.552920 2869.691864
0.556062 2862.156898
0.559203 2854.543548
0.562345 2846.860316
0.565487 2839.122970
0.568628 2831.347343
0.571770 2823.541835
0.574911 2815.724760
0.578053 2807.904490
0.581195 2800.096866
0.584336 2792.317715
0.587478 2784.575433
0.590619 2776.888293
0.593761 2769.264751
0.596903 2761.720618
0.600044 2754.271604
0.603186 2746.926315
0.606327 2739.702772
0.609469 2732.609726
0.612611 2725.662850
0.615752 2718.877633
0.618894 2712.263104
0.622035 2705.836819
0.625177 2699.608036
0.628319 2693.592186
0.631460 2687.804428
0.634602 2682.254426
0.637743 2676.958191
0.640885 2671.913521
0.644026 2667.116891
0.647168 2662.558346
0.650310 2658.232551
0.653451 2654.133871
0.656593 2650.252796
0.659734 2646.584900
0.662876 2643.120944
0.666018 2639.855229
0.669159 2636.781800
0.672301 2633.891800
0.675442 2631.180169
0.678584 2628.638281
0.681726 2626.260124
0.684867 2624.039479
0.688009 2621.968030
0.691150 2620.040198
0.694292 2618.247856
0.697434 2616.584735
0.700575 2615.044406
0.703717 2613.618987
0.706858 2612.302487
0.710000 2611.087167
0.713142 2609.966561
0.716283 2608.934082
0.719425 2607.982170
0.722566 2607.104535
0.725708 2606.293716
0.728849 2605.543332
0.731991 2604.846005
0.735133 2604.195079
0.738274 2603.583841
0.741416 2603.005001
0.744557 2602.452030
0.747699 2601.917675
0.750841 2601.395213
0.753982 2600.877905
0.757124 2600.358523
0.760265 2599.830497
0.763407 2599.286643
0.766549 2598.722735
0.769690 2598.138094
0.772832 2597.531750
0.775973 2596.903489
0.779115 2596.252314
0.782257 2595.577821
0.785398 2594.879640
0.788540 2594.156726
0.791681 2593.408943
0.794823 2592.635214
0.797965 2591.835176
0.801106 2591.008497
0.804248 2590.154053
0.807389 2589.271790
0.810531 2588.360546
0.813672 2587.420305
0.816814 2586.449868
0.819956 2585.448932
0.823097 2584.417233
0.826239 2583.353513
0.829380 2582.257853
0.832522 2581.128955
0.835664 2579.966566
0.838805 2578.770473
0.841947 2577.539316
0.845088 2576.273280
0.848230 2574.970961
0.851372 2573.632157
0.854513 2572.256715
0.857655 2570.843158
0.860796 2569.391790
0.863938 2567.901088
0.867080 2566.370908
0.870221 2564.801159
0.873363 2563.190242
0.876504 2561.538585
0.879646 2559.844537
0.882788 2558.108020
0.885929 2556.329007
0.889071 2554.505769
0.892212 2552.640377
0.895354 2550.737160
0.898495 2548.803716
0.901637 2546.845207
0.904779 2544.868636
0.907920 2542.881030
0.911062 2540.887514
0.914203 2538.895747
0.917345 2536.910850
0.920487 2534.939853
0.923628 2532.989764
0.926770 2531.065733
0.929911 2529.175373
0.933053 2527.323872
0.936195 2525.518230
0.939336 2523.765390
0.942478 2522.070625
0.945619 2520.441405
0.948761 2518.883081
0.951903 2517.402577
0.955044 2516.006717
0.958186 2514.701001
0.961327 2513.492651
0.964469 2512.387287
0.967611 2511.391703
0.970752 2510.512553
0.973894 2509.755669
0.977035 2509.127920
0.980177 2508.635298
0.983319 2508.284417
0.986460 2508.081710
0.989602 2508.033439
0.992743 2508.146023
0.995885 2508.425925
0.999026 2508.879356
1.002168 2509.512995
1.005310 2510.333119
1.008451 2511.345768
1.011593 2512.557976
1.014734 2513.975362
1.017876 2515.603034
1.021018 2517.429546
1.024159 2519.436713
1.027301 2521.608272
1.030442 2523.925312
1.033584 2526.371767
1.036726 2528.929380
1.039867 2531.579749
1.043009 2534.307023
1.046150 2537.091935
1.049292 2539.918720
1.052434 2542.768954
1.055575 2545.624188
1.058717 2548.468699
1.061858 2551.283145
1.065000 2554.051781
1.068142 2556.756160
1.071283 2559.377919
1.074425 2561.901188
1.077566 2564.306831
1.080708 2566.578839
1.083849 2568.698236
1.086991 2570.648831
1.090133 2572.412381
1.093274 2573.970881
1.096416 2575.307784
1.099557 2576.404708
1.102699 2577.244812
1.105841 2577.810165
1.108982 2578.083183
1.112124 2578.046503
1.115265 2577.682616
1.118407 2576.973752
1.121549 2575.902429
1.124690 2574.451628
1.127832 2572.602886
1.130973 2570.339850
1.134115 2567.643538
1.137257 2564.497062
1.140398 2560.884103
1.143540 2556.786634
1.146681 2552.225488
1.149823 2547.246145
1.152965 2541.899435
1.156106 2536.236654
1.159248 2530.303631
1.162389 2524.153556
1.165531 2517.831947
1.168672 2511.392244
1.171814 2504.879780
1.174956 2498.346037
1.178097 2491.842524
1.181239 2485.414533
1.184380 2479.115572
1.187522 2472.991064
1.190664 2467.092485
1.193805 2461.471024
1.196947 2456.172535
1.200088 2451.249807
1.203230 2446.749138
1.206372 2442.721607
1.209513 2439.217688
1.212655 2436.284585
1.215796 2433.973579
1.218938 2432.332634
1.222080 2431.412034
1.225221 2431.261148
1.228363 2431.929314
1.231504 2433.465522
1.234646 2435.920183
1.237788 2439.342399
1.240929 2443.780036
1.244071 2449.285355
1.247212 2455.904266
1.250354 2463.690418
1.253495 2472.688269
1.256637 2482.952983
1.259779 2494.531339
1.262920 2507.468444
1.266062 2521.821971
1.269203 2537.630899
1.272345 2554.826650
1.275487 2573.094301
1.278628 2592.092953
1.281770 2611.500021
1.284911 2630.968613
1.288053 2650.176444
1.291195 2668.782538
1.294336 2686.446687
1.297478 2702.845456
1.300619 2717.633867
1.303761 2730.486656
1.306903 2741.064071
1.310044 2749.029257
1.313186 2754.052604
1.316327 2755.796375
1.319469 2753.926999
1.322611 2748.108612
1.325752 2738.010376
1.328894 2723.291178
1.332035 2703.625850
1.335177 2678.667188
1.338318 2648.096539
1.341460 2611.559758
1.344602 2568.730893
1.347743 2519.292006
1.350885 2462.876934
1.354026 2399.187049
1.357168 2327.847115
1.360310 2248.541461
1.363451 2160.964555
1.366593 2064.725951
1.369734 1959.552370
1.372876 1845.042162
1.376018 1720.892596
1.379159 1586.813211
1.382301 1442.383953
1.385442 1287.362216
1.388584 1121.314612
1.391726 943.954011
1.394867 755.007688
