0.003142 50942.273564
0.006283 48734.059941
0.009425 46608.698470
0.012566 44565.723708
0.015708 42602.015728
0.018850 40716.418294
0.021991 38907.675742
0.025133 37172.817286
0.028274 35511.128916
0.031416 33919.733482
0.034558 32397.351913
0.037699 30942.617284
0.040841 29552.784224
0.043982 28226.919099
0.047124 26962.358591
0.050265 25758.089328
0.053407 24611.525417
0.056549 23521.240132
0.059690 22485.735106
0.062832 21502.531905
0.065973 20570.438062
0.069115 19687.040989
0.072257 18850.825860
0.075398 18060.217787
0.078540 17312.894273
0.081681 16607.512703
0.084823 15941.804848
0.087965 15314.182255
0.091106 14723.007989
0.094248 14166.086542
0.097389 13641.954101
0.100531 13148.457844
0.103673 12683.950166
0.106814 12246.746563
0.109956 11834.749562
0.113097 11446.403103
0.116239 11079.640824
0.119381 10732.770443
0.122522 10404.074355
0.125664 10091.524182
0.128805 9793.500559
0.131947 9508.092155
0.135088 9234.676044
0.138230 8972.775609
0.141372 8722.182333
0.144513 8482.673306
0.147655 8253.798657
0.150796 8035.406837
0.153938 7827.061420
0.157080 7628.536136
0.160221 7439.592211
0.163363 7259.811973
0.166504 7089.012619
0.169646 6926.788032
0.172788 6772.896550
0.175929 6627.085904
0.179071 6488.965886
0.182212 6358.327177
0.185354 6234.789230
0.188496 6118.097360
0.191637 6007.988170
0.194779 5904.094184
0.197920 5806.184296
0.201062 5713.898799
0.204204 5626.972352
0.207345 5545.132794
0.210487 5468.030650
0.213628 5395.417760
0.216770 5326.950524
0.219911 5262.375286
0.223053 5201.353563
0.226195 5143.609072
0.229336 5088.861357
0.232478 5036.778192
0.235619 4987.095494
0.238761 4939.484262
0.241903 4893.663234
0.245044 4849.348870
0.248186 4806.215588
0.251327 4763.993606
0.254469 4722.358675
0.257611 4681.031861
0.260752 4639.875843
0.263894 4598.874035
0.267035 4558.070686
0.270177 4517.457973
0.273319 4477.067077
0.276460 4436.928900
0.279602 4397.036041
0.282743 4357.432042
0.285885 4318.109844
0.289027 4279.100263
0.292168 4240.433715
0.295310 4202.103737
0.298451 4164.152878
0.301593 4126.575129
0.304734 4089.412560
0.307876 4052.659665
0.311018 4016.346502
0.314159 3980.502571
0.317301 3945.123204
0.320442 3910.249072
0.323584 3875.876127
0.326726 3842.033712
0.329867 3808.750497
0.333009 3776.023445
0.336150 3743.891540
0.339292 3712.352477
0.342434 3681.434743
0.345575 3651.166032
0.348717 3621.545229
0.351858 3592.609338
0.355000 3564.358091
0.358142 3536.818971
0.361283 3510.018554
0.364425 3483.957933
0.367566 3458.671845
0.370708 3434.162347
0.373850 3410.455774
0.376991 3387.577439
0.380133 3365.530932
0.383274 3344.348393
0.386416 3324.022821
0.389557 3304.546340
0.392699 3285.881805
0.395841 3268.010804
0.398982 3250.913913
0.402124 3234.555504
0.405265 3218.921259
0.408407 3203.976483
0.411549 3189.701518
0.414690 3176.075856
0.417832 3163.066078
0.420973 3150.655736
0.424115 3138.812187
0.427257 3127.514727
0.430398 3116.741958
0.433540 3106.462281
0.436681 3096.657508
0.439823 3087.296654
0.442965 3078.358168
0.446106 3069.819959
0.449248 3061.651851
0.452389 3053.834311
0.455531 3046.337622
0.458673 3039.139578
0.461814 3032.217596
0.464956 3025.542525
0.468097 3019.093885
0.471239 3012.842829
0.474380 3006.768605
0.477522 3000.842605
0.480664 2995.042041
0.483805 2989.343967
0.486947 2983.720013
0.490088 2978.149028
0.493230 2972.602726
0.496372 2967.058137
0.499513 2961.492294
0.502655 2955.876910
0.505796 2950.190831
0.508938 2944.405695
0.512080 2938.502580
0.515221 2932.483903
0.518363 2926.353263
0.521504 2920.121992
0.524646 2913.793557
0.527788 2907.377361
0.530929 2900.882920
0.534071 2894.313532
0.537212 2887.680810
0.540354 2880.987965
0.543496 2874.244533
0.546637 2867.460117
0.549779 2860.637830
0.552920 2853.789447
0.556062 2846.918040
0.559203 2840.035413
0.562345 2833.144619
0.565487 2826.255283
0.568628 2819.377028
0.571770 2812.512909
0.574911 2805.674724
0.578053 2798.865555
0.581195 2792.095018
0.584336 2785.372681
0.587478 2778.701698
0.590619 2772.093746
0.593761 2765.552050
0.596903 2759.086162
0.600044 2752.705533
0.603186 2746.413535
0.606327 2740.221604
0.609469 2734.133232
0.612611 2728.157840
0.615752 2722.304710
0.618894 2716.577546
0.622035 2710.987427
0.625177 2705.538226
0.628319 2700.239181
0.631460 2695.099338
0.634602 2690.122858
0.637743 2685.319860
0.640885 2680.687995
0.644026 2676.226555
0.647168 2671.928951
0.650310 2667.792881
0.653451 2663.815838
0.656593 2659.991542
0.659734 2656.318682
0.662876 2652.791170
0.666018 2649.406451
0.669159 2646.161787
0.672301 2643.051365
0.675442 2640.073418
0.678584 2637.222302
0.681726 2634.495238
0.684867 2631.889287
0.688009 2629.399042
0.691150 2627.022343
0.694292 2624.753928
0.697434 2622.590823
0.700575 2620.529919
0.703717 2618.566156
0.706858 2616.697039
0.710000 2614.917628
0.713142 2613.224786
0.716283 2611.615264
0.719425 2610.084287
0.722566 2608.629086
0.725708 2607.244984
0.728849 2605.929118
0.731991 2604.676902
0.735133 2603.485016
0.738274 2602.350064
0.741416 2601.267577
0.744557 2600.234495
0.747699 2599.246415
0.750841 2598.299924
0.753982 2597.391556
0.757124 2596.516986
0.760265 2595.673023
0.763407 2594.855395
0.766549 2594.061206
0.769690 2593.288340
0.772832 2592.534012
0.775973 2591.796409
0.779115 2591.072767
0.782257 2590.361028
0.785398 2589.659121
0.788540 2588.964303
0.791681 2588.274724
0.794823 2587.587651
0.797965 2586.901009
0.801106 2586.212724
0.804248 2585.520062
0.807389 2584.821171
0.810531 2584.113313
0.813672 2583.394644
0.816814 2582.662413
0.819956 2581.914552
0.823097 2581.149014
0.826239 2580.363015
0.829380 2579.554765
0.832522 2578.721453
0.835664 2577.861039
0.838805 2576.971517
0.841947 2576.050024
0.845088 2575.094856
0.848230 2574.103109
0.851372 2573.072788
0.854513 2572.001945
0.857655 2570.887604
0.860796 2569.728182
0.863938 2568.520645
0.867080 2567.263062
0.870221 2565.953562
0.873363 2564.589019
0.876504 2563.168006
0.879646 2561.687326
0.882788 2560.145126
0.885929 2558.539634
0.889071 2556.867534
0.892212 2555.129673
0.895354 2553.331058
0.898495 2551.480150
0.901637 2549.583088
0.904779 2547.647774
0.907920 2545.682157
0.911062 2543.692304
0.914203 2541.686796
0.917345 2539.671676
0.920487 2537.654898
0.923628 2535.644422
0.926770 2533.646286
0.929911 2531.669076
0.933053 2529.718852
0.936195 2527.803567
0.939336 2525.931130
0.942478 2524.107666
0.945619 2522.341651
0.948761 2520.639279
0.951903 2519.008441
0.955044 2517.456939
0.958186 2515.991102
0.961327 2514.619179
0.964469 2513.347614
0.967611 2512.184180
0.970752 2511.136510
0.973894 2510.211256
0.977035 2509.416322
0.980177 2508.758520
0.983319 2508.245444
0.986460 2507.884504
0.989602 2507.682788
0.992743 2507.647740
0.995885 2507.786656
0.999026 2508.106762
1.002168 2508.615580
1.005310 2509.320358
1.008451 2510.228093
1.011593 2511.346682
1.014734 2512.682728
1.017876 2514.242081
1.021018 2516.013188
1.024159 2517.977340
1.027301 2520.117715
1.030442 2522.414886
1.033584 2524.852242
1.036726 2527.410998
1.039867 2530.072214
1.043009 2532.819511
1.046150 2535.633076
1.049292 2538.496626
1.052434 2541.391197
1.055575 2544.297787
1.058717 2547.200173
1.061858 2550.078441
1.065000 2552.916351
1.068142 2555.694905
1.071283 2558.395179
1.074425 2561.000818
1.077566 2563.492100
1.080708 2565.852538
1.083849 2568.062562
1.086991 2570.105508
1.090133 2571.962568
1.093274 2573.615174
1.096416 2575.046304
1.099557 2576.236982
1.102699 2577.169893
1.105841 2577.826541
1.108982 2578.188781
1.112124 2578.238770
1.115265 2577.958412
1.118407 2577.329455
1.121549 2576.333856
1.124690 2574.954040
1.127832 2573.171055
1.130973 2570.967971
1.134115 2568.325311
1.137257 2565.225632
1.140398 2561.652070
1.143540 2557.586114
1.146681 2553.048524
1.149823 2548.085154
1.152965 2542.747193
1.156106 2537.086310
1.159248 2531.148706
1.162389 2524.987944
1.165531 2518.649907
1.168672 2512.188414
1.171814 2505.649156
1.174956 2499.083992
1.178097 2492.544812
1.181239 2486.077259
1.184380 2479.735235
1.187522 2473.564505
1.190664 2467.616931
1.193805 2461.944088
1.196947 2456.592170
1.200088 2451.614367
1.203230 2447.057316
1.206372 2442.972483
1.209513 2439.410731
1.212655 2436.419597
1.215796 2434.050772
1.218938 2432.352550
1.222080 2431.375608
1.225221 2431.169700
1.228363 2431.784503
1.231504 2433.269408
1.234646 2435.675166
1.237788 2439.051265
1.240929 2443.445957
1.244071 2448.911846
1.247212 2455.495235
1.250354 2463.250124
1.253495 2472.221360
1.256637 2482.464461
1.259779 2494.026585
1.262920 2506.953214
1.266062 2521.302384
1.269203 2537.113445
1.272345 2554.317892
1.275487 2572.600344
1.278628 2591.619374
1.281770 2611.051891
1.284911 2630.550469
1.288053 2649.792323
1.291195 2668.435951
1.294336 2686.140609
1.297478 2702.582372
1.300619 2717.415716
1.303761 2730.314886
1.306903 2740.939598
1.310044 2748.952461
1.313186 2754.023379
1.316327 2755.814066
1.319469 2753.990461
1.322611 2748.216166
1.325752 2738.159811
1.328894 2723.479793
1.332035 2703.850398
1.335177 2678.923927
1.338318 2648.381190
1.341460 2611.867538
1.344602 2569.056493
1.347743 2519.629593
1.350885 2463.220165
1.354026 2399.529060
1.357168 2328.180522
1.360310 2248.858359
1.363451 2161.256530
1.366593 2064.984055
1.369734 1959.767158
1.372876 1845.203643
1.376018 1720.990271
1.379159 1586.836090
1.382301 1442.320477
1.385442 1287.200365
1.388584 1121.041782
1.391726 943.557111
1.394867 754.473153
