0.004712 49914.097825
0.007854 47887.688117
0.010996 45932.018272
0.014137 44046.233884
0.017279 42227.690675
0.020420 40476.103301
0.023562 38788.912932
0.026704 37165.243803
0.029845 35604.139288
0.032987 34103.161846
0.036128 32661.823990
0.039270 31277.764438
0.042412 29950.007504
0.045553 28677.505826
0.048695 27458.005629
0.051836 26290.840256
0.054978 25173.823000
0.058119 24106.221973
0.061261 23085.913863
0.064403 22111.802390
0.067544 21182.732463
0.070686 20296.668982
0.073827 19452.733047
0.076969 18648.943763
0.080111 17884.132492
0.083252 17157.080977
0.086394 16465.882750
0.089535 15809.534870
0.092677 15186.175891
0.095819 14594.576301
0.098960 14033.466161
0.102102 13501.044666
0.105243 12996.207808
0.108385 12517.190611
0.111527 12062.714181
0.114668 11631.468382
0.117810 11221.735097
0.120951 10832.332224
0.124093 10461.593819
0.127235 10108.707075
0.130376 9773.261025
0.133518 9454.541916
0.136659 9152.252675
0.139801 8865.700663
0.142942 8594.568332
0.146084 8338.182880
0.149226 8096.132749
0.152367 7867.988131
0.155509 7653.103596
0.158650 7451.115977
0.161792 7261.396501
0.164934 7083.511196
0.168075 6917.011028
0.171217 6761.289817
0.174358 6615.946739
0.177500 6480.389086
0.180642 6354.164456
0.183783 6236.808566
0.186925 6127.746529
0.190066 6026.547819
0.193208 5932.647838
0.196350 5845.579731
0.199491 5764.867946
0.202633 5689.960930
0.205774 5620.406416
0.208916 5555.659955
0.212058 5495.244219
0.215199 5438.676368
0.218341 5385.420222
0.221482 5335.009732
0.224624 5286.912639
0.227765 5240.659610
0.230907 5195.721033
0.234049 5151.611605
0.237190 5107.844966
0.240332 5063.893160
0.243473 5019.404569
0.246615 4974.338281
0.249757 4928.765579
0.252898 4882.758392
0.256040 4836.344623
0.259181 4789.610993
0.262323 4742.584944
0.265465 4695.338519
0.268606 4647.944041
0.271748 4600.428534
0.274889 4552.879417
0.278031 4505.323614
0.281173 4457.833473
0.284314 4410.481258
0.287456 4363.294019
0.290597 4316.358968
0.293739 4269.703418
0.296881 4223.399568
0.300022 4177.519168
0.303164 4132.090205
0.306305 4087.198771
0.309447 4042.873482
0.312588 3999.199727
0.315730 3956.206898
0.318872 3913.966218
0.322013 3872.547954
0.325155 3831.982932
0.328296 3792.354150
0.331438 3753.693573
0.334580 3716.071184
0.337721 3679.555641
0.340863 3644.180895
0.344004 3610.026637
0.347146 3577.128320
0.350288 3545.554228
0.353429 3515.370960
0.356571 3486.616496
0.359712 3459.361667
0.362854 3433.581205
0.365996 3409.233822
0.369137 3386.275538
0.372279 3364.640676
0.375420 3344.291966
0.378562 3325.165393
0.381704 3307.216561
0.384845 3290.399577
0.387987 3274.652672
0.391128 3259.934831
0.394270 3246.185622
0.397411 3233.362759
0.400553 3221.407016
0.403695 3210.271546
0.406836 3199.908457
0.409978 3190.260090
0.413119 3181.281547
0.416261 3172.916052
0.419403 3165.115493
0.422544 3157.831038
0.425686 3151.006989
0.428827 3144.596650
0.431969 3138.544880
0.435111 3132.802708
0.438252 3127.320771
0.441394 3122.044516
0.444535 3116.926263
0.447677 3111.911695
0.450819 3106.951387
0.453960 3101.995849
0.457102 3096.990865
0.460243 3091.888582
0.463385 3086.634690
0.466527 3081.179723
0.469668 3075.474468
0.472810 3069.464231
0.475951 3063.101872
0.479093 3056.351976
0.482234 3049.233545
0.485376 3041.763366
0.488518 3033.964973
0.491659 3025.862316
0.494801 3017.471554
0.497942 3008.819340
0.501084 2999.921484
0.504226 2990.802022
0.507367 2981.485277
0.510509 2971.986635
0.513650 2962.333452
0.516792 2952.540901
0.519934 2942.633356
0.523075 2932.635337
0.526217 2922.561797
0.529358 2912.440459
0.532500 2902.286198
0.535642 2892.123552
0.538783 2881.977073
0.541925 2871.861620
0.545066 2861.804942
0.548208 2851.821953
0.551350 2841.937191
0.554491 2832.175066
0.557633 2822.550683
0.560774 2813.091478
0.563916 2803.812746
0.567057 2794.741704
0.570199 2785.893895
0.573341 2777.293565
0.576482 2768.964647
0.579624 2760.923156
0.582765 2753.195520
0.585907 2745.798138
0.589049 2738.754846
0.592190 2732.089029
0.595332 2725.815456
0.598473 2719.935477
0.601615 2714.430836
0.604757 2709.288830
0.607898 2704.496292
0.611040 2700.035538
0.614181 2695.894780
0.617323 2692.056749
0.620465 2688.508174
0.623606 2685.235418
0.626748 2682.221765
0.629889 2679.454505
0.633031 2676.917243
0.636173 2674.596260
0.639314 2672.477563
0.642456 2670.545171
0.645597 2668.785685
0.648739 2667.183352
0.651880 2665.724565
0.655022 2664.393761
0.658164 2663.176789
0.661305 2662.059354
0.664447 2661.026111
0.667588 2660.063090
0.670730 2659.155044
0.673872 2658.287653
0.677013 2657.446546
0.680155 2656.616552
0.683296 2655.783574
0.686438 2654.932446
0.689580 2654.048797
0.692721 2653.118294
0.695863 2652.125710
0.699004 2651.057051
0.702146 2649.897002
0.705288 2648.631254
0.708429 2647.245631
0.711571 2645.724693
0.714712 2644.062257
0.717854 2642.263618
0.720996 2640.337079
0.724137 2638.291106
0.727279 2636.132187
0.730420 2633.869489
0.733562 2631.509362
0.736703 2629.061100
0.739845 2626.530936
0.742987 2623.927432
0.746128 2621.259242
0.749270 2618.532460
0.752411 2615.756612
0.755553 2612.937723
0.758695 2610.084466
0.761836 2607.205555
0.764978 2604.306951
0.768119 2601.398288
0.771261 2598.485508
0.774403 2595.577330
0.777544 2592.682469
0.780686 2589.806875
0.783827 2586.960168
0.786969 2584.148329
0.790111 2581.380064
0.793252 2578.664024
0.796394 2576.006273
0.799535 2573.416292
0.802677 2570.900227
0.805819 2568.466707
0.808960 2566.124258
0.812102 2563.879183
0.815243 2561.740700
0.818385 2559.715241
0.821526 2557.811884
0.824668 2556.037212
0.827810 2554.399646
0.830951 2552.906189
0.834093 2551.553773
0.837234 2550.337454
0.840376 2549.250635
0.843518 2548.287900
0.846659 2547.443678
0.849801 2546.711607
0.852942 2546.086335
0.856084 2545.561641
0.859226 2545.131917
0.862367 2544.791435
0.865509 2544.534155
0.868650 2544.354422
0.871792 2544.246300
0.874934 2544.204033
0.878075 2544.221784
0.881217 2544.293742
0.884358 2544.414041
0.887500 2544.576936
0.890642 2544.776573
0.893783 2545.007049
0.896925 2545.262691
0.900066 2545.537515
0.903208 2545.825874
0.906349 2546.121765
0.909491 2546.419555
0.912633 2546.713327
0.915774 2546.997168
0.918916 2547.265437
0.922057 2547.512145
0.925199 2547.731626
0.928341 2547.917973
0.931482 2548.065324
0.934624 2548.167951
0.937765 2548.219967
0.940907 2548.215585
0.944049 2548.148955
0.947190 2548.014384
0.950332 2547.809700
0.953473 2547.538182
0.956615 2547.203211
0.959757 2546.808417
0.962898 2546.357506
0.966040 2545.853744
0.969181 2545.301003
0.972323 2544.702485
0.975465 2544.061912
0.978606 2543.383060
0.981748 2542.669050
0.984889 2541.923887
0.988031 2541.150651
0.991172 2540.353386
0.994314 2539.535137
0.997456 2538.699708
1.000597 2537.850925
1.003739 2536.991801
1.006880 2536.126434
1.010022 2535.257827
1.013164 2534.389808
1.016305 2533.526206
1.019447 2532.670023
1.022588 2531.825357
1.025730 2530.995221
1.028872 2530.183443
1.032013 2529.393822
1.035155 2528.629410
1.038296 2527.894245
1.041438 2527.191411
1.044580 2526.524702
1.047721 2525.897864
1.050863 2525.314052
1.054004 2524.777189
1.057146 2524.290486
1.060288 2523.857675
1.063429 2523.482422
1.066571 2523.167258
1.069712 2522.911048
1.072854 2522.710943
1.075995 2522.564387
1.079137 2522.468602
1.082279 2522.420955
1.085420 2522.418754
1.088562 2522.459313
1.091703 2522.539922
1.094845 2522.657946
1.097987 2522.810680
1.101128 2522.995374
1.104270 2523.209461
1.107411 2523.450120
1.110553 2523.714818
1.113695 2524.000797
1.116836 2524.305271
1.119978 2524.625749
1.123119 2524.959343
1.126261 2525.303578
1.129403 2525.655666
1.132544 2526.012806
1.135686 2526.372539
1.138827 2526.731953
1.141969 2527.088590
1.145111 2527.439650
1.148252 2527.782340
1.151394 2528.114193
1.154535 2528.432311
1.157677 2528.734214
1.160818 2529.017024
1.163960 2529.278237
1.167102 2529.515072
1.170243 2529.724781
1.173385 2529.904813
1.176526 2530.052369
1.179668 2530.164856
1.182810 2530.239631
1.185951 2530.276772
1.189093 2530.279404
1.192234 2530.250786
1.195376 2530.194162
1.198518 2530.112798
1.201659 2530.009995
1.204801 2529.888948
1.207942 2529.752996
1.211084 2529.605313
1.214226 2529.449203
1.217367 2529.287983
1.220509 2529.124810
1.223650 2528.963049
1.226792 2528.805860
1.229934 2528.656557
1.233075 2528.518446
1.236217 2528.394699
1.239358 2528.288657
1.242500 2528.203515
1.245641 2528.142586
1.248783 2528.109095
1.251925 2528.106328
1.255066 2528.137532
1.258208 2528.205989
1.261349 2528.314915
1.264491 2528.467644
1.267633 2528.667408
1.270774 2528.917384
1.273916 2529.220992
1.277057 2529.581301
1.280199 2530.001801
1.283341 2530.485650
1.286482 2531.035925
1.289624 2531.656238
1.292765 2532.349455
1.295907 2533.119279
1.299049 2533.968765
