0.003142   3.309921e+03
0.009425   2.705443e+04
0.015708   2.294396e+04
0.021991   2.589559e+04
0.028274   2.176734e+04
0.034558   1.800943e+04
0.040841   1.475879e+04
0.047124   1.400472e+04
0.053407   1.146308e+04
0.059690   1.105105e+04
0.065973   1.084191e+04
0.072257   9.541234e+03
0.078540   8.863216e+03
0.084823   7.569370e+03
0.091106   6.890791e+03
0.097389   6.180321e+03
0.103673   5.524427e+03
0.109956   5.293202e+03
0.116239   4.824306e+03
0.122522   4.621296e+03
0.128805   4.393191e+03
0.135088   4.119956e+03
0.141372   3.792231e+03
0.147655   3.462826e+03
0.153938   3.343510e+03
0.160221   3.135672e+03
0.166504   2.973093e+03
0.172788   2.828747e+03
0.179071   2.774033e+03
0.185354   2.648390e+03
0.191637   2.560803e+03
0.197920   2.380520e+03
0.204204   2.296971e+03
0.210487   2.192856e+03
0.216770   2.140055e+03
0.223053   2.015374e+03
0.229336   1.928511e+03
0.235619   1.873530e+03
0.241903   1.810093e+03
0.248186   1.768989e+03
0.254469   1.752403e+03
0.260752   1.669647e+03
0.267035   1.652088e+03
0.273319   1.558091e+03
0.279602   1.498948e+03
0.285885   1.490465e+03
0.292168   1.448448e+03
0.298451   1.427942e+03
0.304734   1.373780e+03
0.311018   1.338978e+03
0.317301   1.314708e+03
0.323584   1.292214e+03
0.329867   1.250227e+03
0.336150   1.235779e+03
0.342434   1.208442e+03
0.348717   1.174220e+03
0.355000   1.156249e+03
0.361283   1.144700e+03
0.367566   1.100317e+03
0.373850   1.086500e+03
0.380133   1.065067e+03
0.386416   1.058854e+03
0.392699   1.039928e+03
0.398982   1.007780e+03
0.405265   1.005007e+03
0.411549   9.716638e+02
0.417832   9.696396e+02
0.424115   9.570610e+02
0.430398   9.304316e+02
0.436681   9.250522e+02
0.442965   9.030159e+02
0.449248   8.929212e+02
0.455531   8.825221e+02
0.461814   8.631745e+02
0.468097   8.578703e+02
0.474380   8.487217e+02
0.480664   8.366756e+02
0.486947   8.261859e+02
0.493230   8.184517e+02
0.499513   8.020380e+02
0.505796   7.895196e+02
0.512080   7.852837e+02
0.518363   7.705794e+02
0.524646   7.632363e+02
0.530929   7.651305e+02
0.537212   7.422942e+02
0.543496   7.395737e+02
0.549779   7.241855e+02
0.556062   7.192161e+02
0.562345   7.168621e+02
0.568628   7.041475e+02
0.574911   6.980322e+02
0.581195   6.957805e+02
0.587478   6.772799e+02
0.593761   6.770741e+02
0.600044   6.743317e+02
0.606327   6.615346e+02
0.612611   6.594544e+02
0.618894   6.524306e+02
0.625177   6.500256e+02
0.631460   6.383040e+02
0.637743   6.332433e+02
0.644026   6.272499e+02
0.650310   6.225232e+02
0.656593   6.148186e+02
0.662876   6.146136e+02
0.669159   6.046233e+02
0.675442   5.979663e+02
0.681726   5.943474e+02
0.688009   5.907715e+02
0.694292   5.814583e+02
0.700575   5.813597e+02
0.706858   5.810732e+02
0.713142   5.726826e+02
0.719425   5.651735e+02
0.725708   5.634104e+02
0.731991   5.563070e+02
0.738274   5.546562e+02
0.744557   5.470454e+02
0.750841   5.422509e+02
0.757124   5.376305e+02
0.763407   5.341125e+02
0.769690   5.309142e+02
0.775973   5.290038e+02
0.782257   5.230291e+02
0.788540   5.213985e+02
0.794823   5.165333e+02
0.801106   5.114460e+02
0.807389   5.070994e+02
0.813672   5.051909e+02
0.819956   5.011566e+02
0.826239   4.954336e+02
0.832522   4.927891e+02
0.838805   4.886263e+02
0.845088   4.867671e+02
0.851372   4.836945e+02
0.857655   4.807304e+02
0.863938   4.765356e+02
0.870221   4.726014e+02
0.876504   4.665800e+02
0.882788   4.680035e+02
0.889071   4.643796e+02
0.895354   4.585984e+02
0.901637   4.579570e+02
0.907920   4.538640e+02
0.914203   4.521356e+02
0.920487   4.459747e+02
0.926770   4.448121e+02
0.933053   4.414926e+02
0.939336   4.381405e+02
0.945619   4.351023e+02
0.951903   4.348503e+02
0.958186   4.291181e+02
0.964469   4.266256e+02
0.970752   4.266244e+02
0.977035   4.233195e+02
0.983319   4.192668e+02
0.989602   4.194444e+02
0.995885   4.138010e+02
1.002168   4.119013e+02
1.008451   4.093220e+02
1.014734   4.065192e+02
1.021018   4.032978e+02
1.027301   4.014630e+02
1.033584   3.999750e+02
1.039867   3.963954e+02
1.046150   3.949694e+02
1.052434   3.938139e+02
1.058717   3.913955e+02
1.065000   3.886299e+02
1.071283   3.835545e+02
1.077566   3.842386e+02
1.083849   3.816386e+02
1.090133   3.777418e+02
1.096416   3.768823e+02
1.102699   3.738768e+02
1.108982   3.725270e+02
1.115265   3.716417e+02
1.121549   3.654392e+02
1.127832   3.655304e+02
1.134115   3.623074e+02
1.140398   3.618065e+02
1.146681   3.582928e+02
1.152965   3.576232e+02
1.159248   3.557738e+02
1.165531   3.542683e+02
1.171814   3.516075e+02
1.178097   3.492724e+02
1.184380   3.463576e+02
1.190664   3.446466e+02
1.196947   3.421975e+02
1.203230   3.428631e+02
1.209513   3.403693e+02
1.215796   3.378385e+02
1.222080   3.351519e+02
1.228363   3.335226e+02
1.234646   3.312334e+02
1.240929   3.296266e+02
1.247212   3.281503e+02
1.253495   3.266619e+02
1.259779   3.245889e+02
1.266062   3.230503e+02
1.272345   3.210558e+02
1.278628   3.201063e+02
1.284911   3.168073e+02
1.291195   3.153339e+02
1.297478   3.138318e+02
1.303761   3.131125e+02
1.310044   3.104191e+02
1.316327   3.081640e+02
1.322611   3.074177e+02
1.328894   3.058060e+02
1.335177   3.039812e+02
1.341460   3.016308e+02
1.347743   3.003626e+02
1.354026   2.984512e+02
1.360310   2.979196e+02
1.366593   2.966543e+02
1.372876   2.938693e+02
1.379159   2.922994e+02
1.385442   2.910762e+02
1.391726   2.895563e+02
1.398009   2.882258e+02
1.404292   2.864361e+02
1.410575   2.841857e+02
1.416858   2.842679e+02
1.423141   2.821988e+02
1.429425   2.812233e+02
1.435708   2.785010e+02
1.441991   2.772799e+02
1.448274   2.758492e+02
1.454557   2.735459e+02
1.460841   2.730032e+02
1.467124   2.723063e+02
1.473407   2.704010e+02
1.479690   2.689579e+02
1.485973   2.679409e+02
1.492257   2.664810e+02
1.498540   2.650221e+02
1.504823   2.635763e+02
1.511106   2.620755e+02
1.517389   2.613652e+02
1.523672   2.592818e+02
1.529956   2.569090e+02
1.536239   2.578962e+02
1.542522   2.552815e+02
1.548805   2.546534e+02
1.555088   2.530577e+02
1.561372   2.520125e+02
1.567655   2.504898e+02
1.573938   2.486585e+02
1.580221   2.478563e+02
1.586504   2.465327e+02
1.592787   2.453752e+02
1.599071   2.443488e+02
1.605354   2.428140e+02
1.611637   2.416355e+02
1.617920   2.405588e+02
1.624203   2.392230e+02
1.630487   2.379475e+02
1.636770   2.364933e+02
1.643053   2.348352e+02
1.649336   2.344802e+02
1.655619   2.332792e+02
1.661903   2.316686e+02
1.668186   2.304223e+02
1.674469   2.292704e+02
1.680752   2.288479e+02
1.687035   2.281876e+02
1.693318   2.265270e+02
1.699602   2.254424e+02
1.705885   2.242841e+02
1.712168   2.233262e+02
1.718451   2.225870e+02
1.724734   2.208840e+02
1.731018   2.199299e+02
1.737301   2.188790e+02
1.743584   2.172365e+02
1.749867   2.166442e+02
1.756150   2.147015e+02
1.762433   2.143213e+02
1.768717   2.133224e+02
1.775000   2.128116e+02
1.781283   2.112236e+02
1.787566   2.102571e+02
1.793849   2.097446e+02
1.800133   2.081089e+02
1.806416   2.076189e+02
1.812699   2.067786e+02
1.818982   2.063667e+02
1.825265   2.045225e+02
1.831549   2.034872e+02
1.837832   2.029505e+02
1.844115   2.014895e+02
1.850398   2.007954e+02
1.856681   1.996812e+02
1.862964   1.983319e+02
1.869248   1.981401e+02
1.875531   1.965860e+02
1.881814   1.958427e+02
1.888097   1.948938e+02
1.894380   1.940832e+02
1.900664   1.927757e+02
1.906947   1.924062e+02
1.913230   1.914410e+02
1.919513   1.899861e+02
1.925796   1.892318e+02
1.932079   1.887260e+02
1.938363   1.880943e+02
1.944646   1.868303e+02
1.950929   1.860372e+02
1.957212   1.854170e+02
1.963495   1.840879e+02
1.969779   1.833620e+02
1.976062   1.824508e+02
1.982345   1.818603e+02
1.988628   1.806990e+02
1.994911   1.800668e+02
2.001195   1.791687e+02
2.007478   1.782996e+02
2.013761   1.774143e+02
2.020044   1.763254e+02
2.026327   1.756634e+02
2.032610   1.751044e+02
2.038894   1.738668e+02
2.045177   1.731890e+02
2.051460   1.730918e+02
2.057743   1.716239e+02
2.064026   1.708344e+02
2.070310   1.701901e+02
2.076593   1.691625e+02
2.082876   1.683968e+02
2.089159   1.679210e+02
2.095442   1.672080e+02
2.101725   1.664095e+02
2.108009   1.656299e+02
2.114292   1.647349e+02
2.120575   1.641615e+02
2.126858   1.633848e+02
2.133141   1.626292e+02
2.139425   1.617606e+02
2.145708   1.608449e+02
2.151991   1.602433e+02
2.158274   1.595576e+02
2.164557   1.588323e+02
2.170841   1.578237e+02
2.177124   1.576101e+02
2.183407   1.561272e+02
2.189690   1.559208e+02
2.195973   1.553106e+02
2.202256   1.548308e+02
2.208540   1.538472e+02
2.214823   1.532131e+02
2.221106   1.522315e+02
2.227389   1.516762e+02
2.233672   1.509673e+02
2.239956   1.500419e+02
2.246239   1.498097e+02
2.252522   1.489725e+02
2.258805   1.481514e+02
2.265088   1.476279e+02
2.271371   1.470844e+02
2.277655   1.465136e+02
2.283938   1.455136e+02
2.290221   1.452498e+02
2.296504   1.445191e+02
2.302787   1.434688e+02
2.309071   1.428996e+02
2.315354   1.422712e+02
2.321637   1.415926e+02
2.327920   1.413358e+02
2.334203   1.402349e+02
2.340487   1.395933e+02
2.346770   1.394180e+02
2.353053   1.385703e+02
2.359336   1.380095e+02
2.365619   1.372728e+02
2.371902   1.367687e+02
2.378186   1.360928e+02
2.384469   1.355215e+02
2.390752   1.345562e+02
2.397035   1.342685e+02
2.403318   1.333743e+02
2.409602   1.332427e+02
2.415885   1.326706e+02
2.422168   1.319064e+02
2.428451   1.310424e+02
2.434734   1.309067e+02
2.441017   1.302145e+02
2.447301   1.297021e+02
2.453584   1.291714e+02
2.459867   1.285165e+02
2.466150   1.280017e+02
2.472433   1.273813e+02
2.478717   1.267453e+02
2.485000   1.261886e+02
2.491283   1.258109e+02
2.497566   1.249722e+02
2.503849   1.244977e+02
2.510133   1.241667e+02
2.516416   1.233667e+02
2.522699   1.228593e+02
2.528982   1.226356e+02
2.535265   1.218952e+02
2.541548   1.214412e+02
2.547832   1.206724e+02
2.554115   1.203613e+02
2.560398   1.199036e+02
2.566681   1.192673e+02
2.572964   1.186565e+02
2.579248   1.184060e+02
2.585531   1.175975e+02
2.591814   1.174466e+02
2.598097   1.167331e+02
2.604380   1.163206e+02
2.610663   1.157971e+02
2.616947   1.151486e+02
2.623230   1.147866e+02
2.629513   1.141750e+02
2.635796   1.138371e+02
2.642079   1.131373e+02
2.648363   1.129673e+02
2.654646   1.123296e+02
2.660929   1.119570e+02
2.667212   1.114383e+02
2.673495   1.109862e+02
2.679779   1.105563e+02
2.686062   1.099591e+02
2.692345   1.095999e+02
2.698628   1.089266e+02
2.704911   1.085517e+02
2.711194   1.081845e+02
2.717478   1.077323e+02
2.723761   1.073273e+02
2.730044   1.066473e+02
2.736327   1.061885e+02
2.742610   1.058277e+02
2.748894   1.053703e+02
2.755177   1.049204e+02
2.761460   1.046642e+02
2.767743   1.042890e+02
2.774026   1.036949e+02
2.780309   1.033010e+02
2.786593   1.029341e+02
2.792876   1.024098e+02
2.799159   1.020438e+02
2.805442   1.017632e+02
2.811725   1.012862e+02
2.818009   1.008983e+02
2.824292   1.003535e+02
2.830575   1.002649e+02
2.836858   9.946797e+01
2.843141   9.910739e+01
2.849425   9.889108e+01
2.855708   9.838504e+01
2.861991   9.805095e+01
2.868274   9.766560e+01
2.874557   9.725683e+01
2.880840   9.687833e+01
2.887124   9.659358e+01
2.893407   9.618329e+01
2.899690   9.588653e+01
2.905973   9.539598e+01
2.912256   9.497035e+01
2.918540   9.467933e+01
2.924823   9.434208e+01
2.931106   9.379631e+01
2.937389   9.360600e+01
2.943672   9.323497e+01
2.949956   9.306340e+01
2.956239   9.236897e+01
2.962522   9.205373e+01
2.968805   9.185769e+01
2.975088   9.151079e+01
2.981371   9.112871e+01
2.987655   9.073632e+01
2.993938   9.047536e+01
3.000221   9.018979e+01
3.006504   8.989309e+01
3.012787   8.946724e+01
3.019071   8.921038e+01
3.025354   8.877805e+01
3.031637   8.852590e+01
3.037920   8.805369e+01
3.044203   8.781527e+01
3.050486   8.758374e+01
3.056770   8.712290e+01
3.063053   8.696205e+01
3.069336   8.658696e+01
3.075619   8.642154e+01
3.081902   8.602307e+01
3.088186   8.573663e+01
3.094469   8.546783e+01
3.100752   8.509275e+01
3.107035   8.492264e+01
3.113318   8.449834e+01
3.119602   8.425959e+01
3.125885   8.409546e+01
3.132168   8.375815e+01
3.138451   8.364327e+01
3.144734   8.315696e+01
3.151017   8.284940e+01
3.157301   8.274612e+01
3.163584   8.244261e+01
3.169867   8.217396e+01
3.176150   8.171749e+01
3.182433   8.163702e+01
3.188717   8.143217e+01
3.195000   8.105948e+01
3.201283   8.079569e+01
3.207566   8.056762e+01
3.213849   8.030135e+01
3.220132   8.002294e+01
3.226416   7.995906e+01
3.232699   7.966489e+01
3.238982   7.922492e+01
3.245265   7.898195e+01
3.251548   7.870760e+01
3.257832   7.847368e+01
3.264115   7.808954e+01
3.270398   7.792113e+01
3.276681   7.764201e+01
3.282964   7.750264e+01
3.289248   7.717771e+01
3.295531   7.687906e+01
3.301814   7.655340e+01
3.308097   7.637692e+01
3.314380   7.606411e+01
3.320663   7.592827e+01
3.326947   7.545037e+01
3.333230   7.528913e+01
3.339513   7.505219e+01
3.345796   7.472055e+01
3.352079   7.450242e+01
3.358363   7.433542e+01
3.364646   7.399004e+01
3.370929   7.376696e+01
3.377212   7.359885e+01
3.383495   7.324685e+01
3.389778   7.311159e+01
3.396062   7.297507e+01
3.402345   7.255855e+01
3.408628   7.242160e+01
3.414911   7.210602e+01
3.421194   7.192748e+01
3.427478   7.168124e+01
3.433761   7.135609e+01
3.440044   7.112199e+01
3.446327   7.088790e+01
3.452610   7.063425e+01
3.458894   7.045255e+01
3.465177   7.017854e+01
3.471460   6.998481e+01
3.477743   6.978068e+01
3.484026   6.951659e+01
3.490309   6.930869e+01
3.496593   6.913643e+01
3.502876   6.888433e+01
3.509159   6.868380e+01
3.515442   6.827513e+01
3.521725   6.813993e+01
3.528009   6.797580e+01
3.534292   6.774791e+01
3.540575   6.757343e+01
3.546858   6.737608e+01
3.553141   6.719728e+01
3.559424   6.686496e+01
3.565708   6.673279e+01
3.571991   6.638646e+01
3.578274   6.611002e+01
3.584557   6.598953e+01
3.590840   6.572437e+01
3.597124   6.554765e+01
3.603407   6.533320e+01
3.609690   6.513740e+01
3.615973   6.491258e+01
3.622256   6.474353e+01
3.628540   6.449765e+01
3.634823   6.429302e+01
3.641106   6.408436e+01
3.647389   6.381257e+01
3.653672   6.369438e+01
3.659955   6.348353e+01
3.666239   6.321125e+01
3.672522   6.310493e+01
3.678805   6.282797e+01
3.685088   6.260282e+01
3.691371   6.245023e+01
3.697655   6.229053e+01
3.703938   6.209149e+01
3.710221   6.197131e+01
3.716504   6.176028e+01
3.722787   6.149468e+01
3.729070   6.135456e+01
3.735354   6.109330e+01
3.741637   6.090714e+01
3.747920   6.069670e+01
3.754203   6.045532e+01
3.760486   6.032376e+01
3.766770   6.007620e+01
3.773053   5.991392e+01
3.779336   5.972044e+01
3.785619   5.954911e+01
3.791902   5.931760e+01
3.798186   5.923746e+01
3.804469   5.898699e+01
3.810752   5.873331e+01
3.817035   5.848771e+01
3.823318   5.843062e+01
3.829601   5.825931e+01
3.835885   5.805739e+01
3.842168   5.795325e+01
3.848451   5.768002e+01
3.854734   5.760115e+01
3.861017   5.748311e+01
3.867301   5.717569e+01
3.873584   5.700820e+01
3.879867   5.688514e+01
3.886150   5.665378e+01
3.892433   5.649266e+01
3.898716   5.644968e+01
3.905000   5.609938e+01
3.911283   5.592389e+01
3.917566   5.595078e+01
3.923849   5.568046e+01
3.930132   5.558991e+01
3.936416   5.533946e+01
3.942699   5.518792e+01
3.948982   5.503584e+01
3.955265   5.474448e+01
3.961548   5.468876e+01
3.967832   5.443500e+01
3.974115   5.441754e+01
3.980398   5.423912e+01
3.986681   5.402653e+01
3.992964   5.393477e+01
3.999247   5.373004e+01
4.005531   5.351773e+01
4.011814   5.340128e+01
4.018097   5.330158e+01
4.024380   5.312598e+01
4.030663   5.288074e+01
4.036947   5.283088e+01
4.043230   5.259222e+01
4.049513   5.253483e+01
4.055796   5.234803e+01
4.062079   5.216782e+01
4.068362   5.203338e+01
4.074646   5.186289e+01
4.080929   5.178327e+01
4.087212   5.162332e+01
4.093495   5.143317e+01
4.099778   5.128727e+01
4.106062   5.114698e+01
4.112345   5.100144e+01
4.118628   5.091853e+01
4.124911   5.079902e+01
4.131194   5.059011e+01
4.137478   5.046504e+01
4.143761   5.036358e+01
4.150044   5.023823e+01
4.156327   5.008529e+01
4.162610   5.003660e+01
4.168893   4.978105e+01
4.175177   4.958677e+01
4.181460   4.953834e+01
4.187743   4.942702e+01
4.194026   4.926962e+01
4.200309   4.910106e+01
4.206593   4.891560e+01
4.212876   4.884777e+01
4.219159   4.871513e+01
4.225442   4.851287e+01
4.231725   4.842092e+01
4.238008   4.839564e+01
4.244292   4.821579e+01
4.250575   4.807489e+01
4.256858   4.797131e+01
4.263141   4.781231e+01
4.269424   4.769686e+01
4.275708   4.755362e+01
4.281991   4.749892e+01
4.288274   4.758485e+01
4.294557   4.725245e+01
4.300840   4.704376e+01
4.307124   4.713006e+01
4.313407   4.681285e+01
4.319690   4.678343e+01
4.325973   4.663589e+01
4.332256   4.658474e+01
4.338539   4.646975e+01
4.344823   4.643251e+01
4.351106   4.616247e+01
4.357389   4.603217e+01
4.363672   4.598438e+01
4.369955   4.577390e+01
4.376239   4.577260e+01
4.382522   4.574872e+01
4.388805   4.549847e+01
4.395088   4.528535e+01
4.401371   4.522866e+01
4.407654   4.517168e+01
4.413938   4.511182e+01
4.420221   4.495889e+01
4.426504   4.496833e+01
4.432787   4.477551e+01
4.439070   4.455438e+01
4.445354   4.454362e+01
4.451637   4.436177e+01
4.457920   4.427377e+01
4.464203   4.422521e+01
4.470486   4.414967e+01
4.476770   4.405330e+01
4.483053   4.379946e+01
4.489336   4.373846e+01
4.495619   4.358746e+01
4.501902   4.352424e+01
4.508185   4.342760e+01
4.514469   4.336131e+01
4.520752   4.314500e+01
4.527035   4.308315e+01
4.533318   4.289698e+01
4.539601   4.297056e+01
4.545885   4.265356e+01
4.552168   4.252773e+01
4.558451   4.246082e+01
4.564734   4.235313e+01
4.571017   4.219832e+01
4.577300   4.204676e+01
4.583584   4.195375e+01
4.589867   4.191536e+01
4.596150   4.171451e+01
4.602433   4.162747e+01
4.608716   4.137602e+01
4.615000   4.132952e+01
4.621283   4.134833e+01
4.627566   4.110865e+01
4.633849   4.119097e+01
4.640132   4.084037e+01
4.646416   4.076976e+01
4.652699   4.079551e+01
4.658982   4.077506e+01
4.665265   4.050379e+01
4.671548   4.050706e+01
4.677831   4.034348e+01
4.684115   4.018706e+01
4.690398   3.998655e+01
4.696681   4.004787e+01
4.702964   3.985222e+01
4.709247   3.965818e+01
4.715531   3.969404e+01
4.721814   3.970123e+01
4.728097   3.959890e+01
4.734380   3.937889e+01
4.740663   3.932019e+01
4.746946   3.917278e+01
4.753230   3.914890e+01
4.759513   3.904804e+01
4.765796   3.896770e+01
4.772079   3.881693e+01
4.778362   3.878201e+01
4.784646   3.854813e+01
4.790929   3.859972e+01
4.797212   3.845645e+01
4.803495   3.823616e+01
4.809778   3.823275e+01
4.816062   3.822996e+01
4.822345   3.803359e+01
4.828628   3.782594e+01
4.834911   3.788789e+01
4.841194   3.776468e+01
4.847477   3.776165e+01
4.853761   3.762122e+01
4.860044   3.750300e+01
4.866327   3.740409e+01
4.872610   3.727893e+01
4.878893   3.702067e+01
4.885177   3.715490e+01
4.891460   3.700624e+01
4.897743   3.706068e+01
4.904026   3.690310e+01
4.910309   3.673656e+01
4.916593   3.671769e+01
4.922876   3.670895e+01
4.929159   3.645597e+01
4.935442   3.647337e+01
4.941725   3.626829e+01
4.948008   3.629635e+01
4.954292   3.611750e+01
4.960575   3.630512e+01
4.966858   3.601098e+01
4.973141   3.582812e+01
4.979424   3.583887e+01
4.985708   3.596061e+01
4.991991   3.571077e+01
4.998274   3.564745e+01
5.004557   3.540264e+01
5.010840   3.553320e+01
5.017123   3.548245e+01
5.023407   3.528106e+01
5.029690   3.561216e+01
5.035973   3.535757e+01
5.042256   3.516461e+01
5.048539   3.487329e+01
5.054823   3.513096e+01
5.061106   3.492495e+01
5.067389   3.488277e+01
5.073672   3.477484e+01
5.079955   3.476369e+01
5.086239   3.466331e+01
5.092522   3.430490e+01
5.098805   3.433474e+01
5.105088   3.419369e+01
5.111371   3.421531e+01
5.117654   3.414492e+01
5.123938   3.379264e+01
5.130221   3.382759e+01
5.136504   3.373878e+01
5.142787   3.397513e+01
5.149070   3.404450e+01
5.155354   3.408147e+01
5.161637   3.380166e+01
5.167920   3.375234e+01
5.174203   3.349015e+01
5.180486   3.356073e+01
5.186769   3.341834e+01
5.193053   3.360830e+01
5.199336   3.345159e+01
5.205619   3.355182e+01
5.211902   3.318901e+01
5.218185   3.319218e+01
5.224469   3.317823e+01
5.230752   3.312568e+01
5.237035   3.280208e+01
5.243318   3.313904e+01
5.249601   3.292127e+01
5.255885   3.271644e+01
5.262168   3.288261e+01
5.268451   3.273231e+01
5.274734   3.278708e+01
5.281017   3.299213e+01
5.287300   3.254040e+01
5.293584   3.257280e+01
5.299867   3.239673e+01
5.306150   3.260260e+01
5.312433   3.283541e+01
5.318716   3.266640e+01
5.325000   3.251400e+01
5.331283   3.255733e+01
5.337566   3.273067e+01
5.343849   3.236928e+01
5.350132   3.202904e+01
5.356415   3.265786e+01
5.362699   3.237255e+01
5.368982   3.222159e+01
5.375265   3.286739e+01
5.381548   3.204755e+01
5.387831   3.249333e+01
5.394115   3.224839e+01
5.400398   3.187451e+01
5.406681   3.228981e+01
5.412964   3.222179e+01
5.419247   3.189229e+01
5.425531   3.213165e+01
5.431814   3.199698e+01
5.438097   3.279773e+01
5.444380   3.185806e+01
5.450663   3.196486e+01
5.456946   3.182732e+01
5.463230   3.195466e+01
5.469513   3.162401e+01
5.475796   3.046925e+01
5.482079   3.123836e+01
5.488362   3.191745e+01
5.494646   3.280350e+01
5.500929   3.218005e+01
5.507212   3.093298e+01
5.513495   3.170176e+01
5.519778   3.269835e+01
5.526061   3.167935e+01
5.532345   3.020373e+01
5.538628   2.977056e+01
5.544911   3.737095e+01
5.551194   3.380314e+01
5.557477   3.568964e+01
5.563761   3.329997e+01
